date,open,high,low,close,volume,dividends,stock_splits,capital_gains,returns,log_returns,realized_vol_5d,realized_vol_20d
2010-01-04 00:00:00-05:00,58.79995556371648,58.79995556371648,58.55862694248096,58.76066970825195,2017600,0.0,0.0,0.0,,,,
2010-01-05 00:00:00-05:00,58.91784253104562,59.18161665485824,58.85049348646259,59.04130935668945,1143800,0.0,0.0,0.0,0.004775977704659873,0.004764608906855212,,
2010-01-06 00:00:00-05:00,59.14790107351357,59.181573430292275,58.82800083860848,58.867286682128906,1005500,0.0,0.0,0.0,-0.0029474731583138958,-0.002951825511723901,,
2010-01-07 00:00:00-05:00,58.91220296271018,59.052510198771955,58.856080924652886,58.94026184082031,1264100,0.0,0.0,0.0,0.0012396555507212526,0.0012388878122010787,,
2010-01-08 00:00:00-05:00,59.007627096974495,59.06936264038086,58.9122191778331,59.06936264038086,704600,0.0,0.0,0.0,0.0021903669160685535,0.002187971559623677,,
2010-01-11 00:00:00-05:00,58.929030266016476,59.142295691232384,58.929030266016476,59.131072998046875,817500,0.0,0.0,0.0,0.0010447100647033025,0.0010441647349182857,0.04417655765735653,
2010-01-12 00:00:00-05:00,59.16479066877853,59.29387528936716,59.108668596198996,59.24336242675781,1343100,0.0,0.0,0.0,0.0018989919008343126,0.0018971910951644366,0.033082071558907016,
2010-01-13 00:00:00-05:00,59.23211792767363,59.24895411506784,58.92905370906359,58.996402740478516,1090700,0.0,0.0,0.0,-0.004168562960696454,-0.004177275640608112,0.04157516047916995,
2010-01-14 00:00:00-05:00,59.18722134231925,59.20967102050781,58.945892654090095,59.20967102050781,873200,0.0,0.0,0.0,0.0036149370151845606,0.003608418834192165,0.047453821634538776,
2010-01-15 00:00:00-05:00,59.333153767167836,59.37805313236661,59.17039677970165,59.187232971191406,834300,0.0,0.0,0.0,-0.0003789591958488492,-0.0003790310190308517,0.04660524633831194,
2010-01-19 00:00:00-05:00,59.08058419225625,59.24895463134164,58.94027692029779,59.23773193359375,822100,0.0,0.0,0.0,0.0008532070155555793,0.0008528432413516461,0.04645852470853716,
2010-01-20 00:00:00-05:00,59.32191498813753,59.400486720690964,59.170385013023996,59.198448181152344,1112000,0.0,0.0,0.0,-0.00066315422888652,-0.0006633742129130999,0.0446506773676091,
2010-01-21 00:00:00-05:00,59.349973516060786,59.64181074532255,59.32191035012652,59.355587005615234,1333400,0.0,0.0,0.0,0.002654441616138925,0.0026509248080586285,0.029731079299632673,
2010-01-22 00:00:00-05:00,59.36677986642336,59.37800683988981,59.209636492579435,59.2657585144043,1003800,0.0,0.0,0.0,-0.001513395717953836,-0.0015145420579767655,0.025678530010980468,
2010-01-25 00:00:00-05:00,59.23770171068234,59.28259676060673,59.17035271304182,59.26014709472656,765100,0.0,0.0,0.0,-9.468232278464495e-05,-9.46868054387232e-05,0.025358727974569655,
2010-01-26 00:00:00-05:00,59.31628180010564,59.321891005993045,59.06372623456637,59.10301208496094,887200,0.0,0.0,0.0,-0.002651613562727806,-0.0026551353169025124,0.031537066306451596,
2010-01-27 00:00:00-05:00,59.17599471873473,59.17599471873473,58.749459425122666,58.889766693115234,1496100,0.0,0.0,0.0,-0.0036080291735244296,-0.0036145538095621963,0.0388509443529362,
2010-01-28 00:00:00-05:00,58.912237960286404,59.06938147293479,58.79438032580011,58.80560302734375,1158800,0.0,0.0,0.0,-0.0014291730210118647,-0.0014301952628635957,0.021155944498851578,
2010-01-29 00:00:00-05:00,58.92341483672065,59.18719307716971,58.87290629629573,59.18157958984375,1218600,0.0,0.0,0.0,0.006393549987493197,0.006373197948562138,0.06279542764427143,
2010-02-01 00:00:00-05:00,59.21092932983163,59.22783799760248,58.85583010555764,58.91783142089844,1202800,0.452,0.0,0.0,-0.004456592250041469,-0.0044665524606977485,0.06929244791428182,
2010-02-02 00:00:00-05:00,58.9854710835157,59.222201035624934,58.9854710835157,59.10383605957031,1950500,0.0,0.0,0.0,0.0031570177344628636,0.003152044817617201,0.07350652355395698,0.048133349545713654
2010-02-03 00:00:00-05:00,59.08690171053095,59.12635668540076,58.91216885016204,59.04180908203125,1478800,0.0,0.0,0.0,-0.0010494577285397044,-0.0010500087948826589,0.06757458801798515,0.04529969378908128
2010-02-04 00:00:00-05:00,59.0981837042105,59.12073002265184,58.923455111628286,59.03618240356445,1116700,0.0,0.0,0.0,-9.529989941503558e-05,-9.530444073897728e-05,0.06578668618624063,0.04394585872885317
2010-02-05 00:00:00-05:00,58.97418083352461,59.02491112485353,58.74308859602995,58.85581588745117,2204600,0.0,0.0,0.0,-0.003055185968501739,-0.003059862576854032,0.046433709190209706,0.045157059246762034
2010-02-08 00:00:00-05:00,58.91781950912239,59.002367131154664,58.79381690351114,58.91218185424805,1736500,0.0,0.0,0.0,0.0009576957849783962,0.0009572374869534976,0.03665524434687956,0.04454734483948495
2010-02-09 00:00:00-05:00,58.9516642573303,59.01366558897388,58.77693557739258,58.77693557739258,969800,0.0,0.0,0.0,-0.0022957268360909167,-0.002298366057004448,0.025717578741835875,0.04495574592431712
2010-02-10 00:00:00-05:00,58.737446755834156,58.79944805177886,58.26962035925871,58.320350646972656,1178000,0.0,0.0,0.0,-0.007768096889276044,-0.007798425720882895,0.05373303962693918,0.0513373850143007
2010-02-11 00:00:00-05:00,58.393618520771106,58.489437134408455,58.24706962326876,58.45561981201172,1045500,0.0,0.0,0.0,0.002319416182146705,0.0023167304884596156,0.06243352056245709,0.050820327605640675
2010-02-12 00:00:00-05:00,58.52329254150391,58.60784019657346,58.43874488643436,58.523292541503906,707100,0.0,0.0,0.0,0.0011576770498682443,0.0011570074585228794,0.06492730647584324,0.04892309859534186
2010-02-16 00:00:00-05:00,58.39925398223794,58.75434875488281,58.3372526933249,58.75434875488281,1029500,0.0,0.0,0.0,0.003948106870696799,0.003940333549982163,0.07383296559590774,0.05150017787081556
2010-02-17 00:00:00-05:00,58.726170711339826,58.737441718603996,58.410526604434935,58.55707550048828,717200,0.0,0.0,0.0,-0.0033575940943118,-0.0033632434624307947,0.0757937086117066,0.05234449244094299
2010-02-18 00:00:00-05:00,58.56835800566225,58.65853897566779,58.33726147578299,58.51762771606445,1717100,0.0,0.0,0.0,-0.0006736638414174267,-0.000673890854862602,0.04471073375717638,0.05234474712856839
2010-02-19 00:00:00-05:00,58.44997286688426,58.72616195678711,58.42743085571634,58.72616195678711,1827800,0.0,0.0,0.0,0.0035636140571948527,0.0035572794296050915,0.04831428155795117,0.0531810545971081
2010-02-22 00:00:00-05:00,58.68671458099111,58.759986877441406,58.62471329158326,58.759986877441406,585900,0.0,0.0,0.0,0.0005759770352298244,0.0005758112241231396,0.04831627714234889,0.0531845082266025
2010-02-23 00:00:00-05:00,58.80508698613782,58.9234519263534,58.726177025994104,58.90090560913086,1095300,0.0,0.0,0.0,0.002398209039484289,0.0023953379256236858,0.04292962067502283,0.05411665416759059
2010-02-24 00:00:00-05:00,58.98543868444852,59.18271353618194,58.92907505542029,59.1545295715332,924400,0.0,0.0,0.0,0.004305943342966634,0.004296699295659373,0.03281396361667784,0.05571582872452024
2010-02-25 00:00:00-05:00,59.25036113099252,59.25036113099252,59.086903572731835,59.09253692626953,572300,0.0,0.0,0.0,-0.0010479779944612133,-0.0010485275073514756,0.034806920104735996,0.054207560000128954
2010-02-26 00:00:00-05:00,59.17709173269394,59.498369234499286,59.17709173269394,59.48146057128906,804600,0.0,0.0,0.0,0.006581603451968787,0.006560039266202197,0.0477566854723631,0.05835784386209987
2010-03-01 00:00:00-05:00,59.54089250743865,59.59749482952594,59.37674275044924,59.5578727722168,598700,0.445,0.0,0.0,0.001284638947897987,0.0012838145052832851,0.04613686318730358,0.05428055008222951
2010-03-02 00:00:00-05:00,59.45030561866249,59.74464450545782,59.4333253595164,59.68238067626953,625600,0.0,0.0,0.0,0.0020905364523162717,0.0020883543216735838,0.04631689097367728,0.0515410752932882
2010-03-03 00:00:00-05:00,59.54086828320933,59.80690383911133,59.54086828320933,59.80690383911133,746300,0.0,0.0,0.0,0.002086430893520008,0.0020842573193996716,0.0439143028754195,0.05098749119769268
2010-03-04 00:00:00-05:00,59.750310894959576,59.89181883422841,59.648425005946834,59.8352165222168,492300,0.0,0.0,0.0,0.00047340158557007683,0.00047328956639144357,0.03771852467182924,0.05062076094693997
2010-03-05 00:00:00-05:00,59.784295696206115,59.79561443499541,59.49561819454712,59.761653900146484,786000,0.0,0.0,0.0,-0.001229420170026474,-0.0012301765269875974,0.02199766021817696,0.051007509203822764
2010-03-08 00:00:00-05:00,59.761617156468894,59.857841491699226,59.64840824577581,59.85784149169922,966800,0.0,0.0,0.0,0.0016095202404111664,0.0016082263508838852,0.022433874618661694,0.0492107665651997
2010-03-09 00:00:00-05:00,59.835230062446044,59.89749391529251,59.767304681573385,59.80126953125,722100,0.0,0.0,0.0,-0.0009451052533704374,-0.0009455521469369042,0.02351449361227662,0.04961687363579183
2010-03-10 00:00:00-05:00,59.710672067037414,59.857841491699226,59.64275103909994,59.85784149169922,688200,0.0,0.0,0.0,0.0009459993222995511,0.0009455521469368276,0.01939075955209607,0.048290852732269594
2010-03-11 00:00:00-05:00,59.761633948449656,59.85785831071736,59.68238984793747,59.8352165222168,480000,0.0,0.0,0.0,-0.0003779783720661012,-0.0003780498238963743,0.019495669580156614,0.03630127308151563
2010-03-12 00:00:00-05:00,59.78430927082852,59.98808116315259,59.71638386722649,59.95977783203125,819100,0.0,0.0,0.0,0.0020817391003875585,0.002079575284026889,0.02048126543800978,0.03622120191293152
2010-03-15 00:00:00-04:00,59.98240108381561,59.98806261198547,59.81258978656529,59.94844055175781,497200,0.0,0.0,0.0,-0.00018908142563833774,-0.0001890993037847509,0.01918288832546195,0.0365919322583384
2010-03-16 00:00:00-04:00,59.99937071836987,60.22578430175781,59.92012661195608,60.22578430175781,635600,0.0,0.0,0.0,0.004626371385933803,0.004615702622287351,0.03249937527476478,0.03733761156286106
2010-03-17 00:00:00-04:00,60.3276746640998,60.48616288865944,60.22578875995715,60.44654083251953,983900,0.0,0.0,0.0,0.0036654820409749433,0.0036587805328578975,0.03560078366758753,0.03404453225462581
2010-03-18 00:00:00-04:00,60.423861034782966,60.457821541976365,60.32763671875,60.32763671875,497200,0.0,0.0,0.0,-0.001967095422366394,-0.0019690326955177336,0.0431634411980504,0.035465769438786876
2010-03-19 00:00:00-04:00,60.282356262207024,60.42952566507257,60.225753974482664,60.28235626220703,621500,0.0,0.0,0.0,-0.0007505756732038016,-0.0007508574961528614,0.045945518535235194,0.03548555441557343
2010-03-22 00:00:00-04:00,60.21445516550159,60.423888464715745,60.21445516550159,60.378604888916016,406000,0.0,0.0,0.0,0.0015966301365251123,0.0015953568777307538,0.044573894174806145,0.035390000577407495
2010-03-23 00:00:00-04:00,60.41826010260144,60.48052397388376,60.33901596069336,60.33901596069336,463300,0.0,0.0,0.0,-0.0006556780882150948,-0.0006558931391006846,0.03561540853301656,0.035861093624152574
2010-03-24 00:00:00-04:00,60.089956534448156,60.15221607869082,59.7673141629799,59.891841888427734,801600,0.0,0.0,0.0,-0.007411026930848941,-0.007438625028977204,0.053511665530790974,0.045314102936906714
2010-03-25 00:00:00-04:00,59.80697001921169,59.88055265756377,59.56923319052924,59.676780700683594,985400,0.0,0.0,0.0,-0.003590826078529674,-0.0035972885695852706,0.05498074100277438,0.047408652447030526
2010-03-26 00:00:00-04:00,59.63142798879145,59.857841491699226,59.60878620665283,59.85784149169922,614000,0.0,0.0,0.0,0.003034024102670063,0.0030294307401121357,0.06646775881630122,0.04281939552659153
2010-03-29 00:00:00-04:00,59.852183087271065,59.88048639603968,59.64275414890629,59.80690383911133,597600,0.0,0.0,0.0,-0.0008509771037259473,-0.0008513393902877748,0.061596138694790394,0.0428515839163912
2010-03-30 00:00:00-04:00,59.789936241101756,59.88050340009648,59.68805034647261,59.84088134765625,616100,0.0,0.0,0.0,0.0005681201728202634,0.0005679588536511051,0.06372325520545427,0.04230370791495652
2010-03-31 00:00:00-04:00,59.8974897210357,60.00503715359971,59.846548927808705,59.86918640136719,997800,0.0,0.0,0.0,0.00047300529459937124,0.00047289346285829244,0.03834860542472822,0.04170045795492509
2010-04-01 00:00:00-04:00,59.95392343228603,60.050580757195334,59.862957190726405,59.99940872192383,1565600,0.469,0.0,0.0,0.0021751142513215527,0.002172752114975876,0.024304879129308087,0.04235903189623749
2010-04-05 00:00:00-04:00,59.70376563569261,59.76630682726113,59.37969052379943,59.447914123535156,1417800,0.0,0.0,0.0,-0.009191667220333044,-0.009234171249222451,0.07150957690158063,0.0536881323495751
2010-04-06 00:00:00-04:00,59.641175963206585,59.777627389476024,59.550205453885205,59.590003967285156,1175000,0.0,0.0,0.0,0.0023901569272006817,0.0023873050455248744,0.07650556801349719,0.05411801202598093
2010-04-07 00:00:00-04:00,59.658275799192886,59.97666414094735,59.658275799192886,59.891380310058594,1041200,0.0,0.0,0.0,0.0050574982834183935,0.005044752096789162,0.08715425022421075,0.05715841707792102
2010-04-08 00:00:00-04:00,60.03351897056998,60.06763510577562,59.777671813964844,59.777671813964844,938600,0.0,0.0,0.0,-0.0018985786519709613,-0.0019003832368791542,0.08827243840106186,0.05747873002335252
2010-04-09 00:00:00-04:00,59.84021701099014,59.925500848145234,59.71513462819149,59.817474365234375,657800,0.0,0.0,0.0,0.0006658431160284639,0.0006656215408516312,0.08624023752726404,0.0575217326276616
2010-04-12 00:00:00-04:00,59.89705129817899,60.039189533028825,59.86862625383783,59.98802185058594,502800,0.0,0.0,0.0,0.002851131498970094,0.002847074732644765,0.041265615280978746,0.05795575921829095
2010-04-13 00:00:00-04:00,60.13014929355053,60.22111549191659,60.02780960931752,60.20405960083008,728100,0.0,0.0,0.0,0.00360134812883528,0.0035948788022085033,0.04318373411353845,0.059311732650916514
2010-04-14 00:00:00-04:00,60.23817252345337,60.266601900945076,60.06760927164513,60.15289306640625,697200,0.0,0.0,0.0,-0.0008498851200912094,-0.0008502464772057492,0.03727111530722356,0.05705761794962049
2010-04-15 00:00:00-04:00,60.147207333622305,60.346199966264614,60.07329702370204,60.25523376464844,766300,0.0,0.0,0.0,0.001701342911790027,0.0016998972673972425,0.02801232036410008,0.055770688781462574
2010-04-16 00:00:00-04:00,60.35757085994666,60.528134107293404,60.255231176453066,60.397369384765625,1091800,0.0,0.0,0.0,0.00235889251832222,0.002356114698893067,0.02704012737353971,0.05601741614524189
2010-04-19 00:00:00-04:00,60.471295657078,60.471295657078,60.243873596191406,60.243873596191406,643900,0.0,0.0,0.0,-0.0025414316904494028,-0.002544666610015097,0.039656727399323494,0.056718982286571386
2010-04-20 00:00:00-04:00,60.363286999802376,60.38602964636803,60.27800315961027,60.37466049194336,923200,0.0,0.0,0.0,0.0021709576085462423,0.002168604485149197,0.03436033369149522,0.05697295153707396
2010-04-21 00:00:00-04:00,60.5395105228796,60.675961994903325,60.4201106049305,60.584991455078125,646600,0.0,0.0,0.0,0.0034837622509336086,0.0034777080081768038,0.03678262966922829,0.0582194701051077
2010-04-22 00:00:00-04:00,60.58497591211501,60.69300231601495,60.437155329393285,60.448524475097656,248000,0.0,0.0,0.0,-0.0022524882269175928,-0.002255028894456613,0.044810930035754204,0.05178786025969745
2010-04-23 00:00:00-04:00,60.42012314708276,60.482664321766514,60.357586310113994,60.43718338012695,327400,0.0,0.0,0.0,-0.00018761574528380898,-0.0001876333473193953,0.0422443881444155,0.049613764737975435
2010-04-26 00:00:00-04:00,60.53950989262834,60.58499082435337,60.38599819269997,60.46559524536133,839900,0.0,0.0,0.0,0.0004701057138232212,0.00046999524875095507,0.03501770709029599,0.04879951160843247
2010-04-27 00:00:00-04:00,60.596353059829724,60.79534565453677,60.408729611514545,60.5053825378418,590500,0.0,0.0,0.0,0.0006580153940272115,0.0006577989968210815,0.03268391241103127,0.048534696857287826
2010-04-28 00:00:00-04:00,60.45991352577054,60.74987672039466,60.40874584668567,60.60773849487305,1670600,0.0,0.0,0.0,0.001691683495550711,0.0016902542107308102,0.023270974164356813,0.04869306396570064
2010-04-29 00:00:00-04:00,60.75553991267625,60.80670757192647,60.62477088729337,60.761226654052734,1102600,0.0,0.0,0.0,0.0025324845142122854,0.0025292831790536207,0.017078351493577344,0.049145290192283975
2010-04-30 00:00:00-04:00,60.835171161215065,61.142190302554496,60.761260832596655,61.01142120361328,1031700,0.0,0.0,0.0,0.0041176678506680275,0.004109213456715051,0.023743437837234968,0.05036399737806181
2010-05-03 00:00:00-04:00,61.041057970495785,61.0638924332555,60.909735851301356,61.02963638305664,495800,0.452,0.0,0.0,0.0002985536000312816,0.0002985090417737007,0.024413361385497837,0.033846662977000674
2010-05-04 00:00:00-04:00,61.126781721157684,61.29236011707231,61.06397597249816,61.10394287109375,844700,0.0,0.0,0.0,0.0012175476119622441,0.0012168070019595522,0.022958060970379713,0.03360817211334458
2010-05-05 00:00:00-04:00,61.09816579897183,61.200938327426634,60.59572039049931,60.84123229980469,1288500,0.0,0.0,0.0,-0.004299404571048382,-0.004308673587924098,0.05047157305542714,0.03590884465630581
2010-05-06 00:00:00-04:00,60.72136586452636,60.8698161237283,58.50605099702799,59.83638381958008,1687800,0.0,0.0,0.0,-0.016515912683573886,-0.016653820931677162,0.12888964374280776,0.07087966952296393
2010-05-07 00:00:00-04:00,60.28745457124006,60.59006597757253,59.853529617226,60.03052520751953,1758600,0.0,0.0,0.0,0.003244537446060125,0.0032392852919148757,0.12595206341817064,0.07175826563322904
2010-05-10 00:00:00-04:00,60.17898359892761,60.50442953621062,60.17898359892761,60.40736770629883,1275900,0.0,0.0,0.0,0.006277514605720791,0.006257893084352329,0.14251137069766356,0.07442623021805189
2010-05-11 00:00:00-04:00,60.35025642947628,60.498706723201494,60.161843607665304,60.47016143798828,997500,0.0,0.0,0.0,0.0010395045186335494,0.0010389646079387639,0.142262321349036,0.07349566171627467
2010-05-12 00:00:00-04:00,60.3959343621614,60.544384656498806,60.29316175162992,60.447322845458984,1034900,0.0,0.0,0.0,-0.00037768367052759544,-0.00037775501096839884,0.14107647848319854,0.07342264952832225
2010-05-13 00:00:00-04:00,60.63004704384585,60.65288589246117,60.355985216526975,60.62433624267578,585100,0.0,0.0,0.0,0.0029283910169082272,0.0029241116323728412,0.0399604345521833,0.07387119331527196
2010-05-14 00:00:00-04:00,60.715683516371136,60.90981153953189,60.504431802891865,60.60720443725586,575700,0.0,0.0,0.0,-0.0002825895751062957,-0.00028262951106410917,0.044129108378135926,0.07349631661274601
2010-05-17 00:00:00-04:00,60.81844380929969,60.97260490759526,60.52154756808658,60.709964752197266,877200,0.0,0.0,0.0,0.0016955131967486547,0.001694077436919209,0.022092156096250988,0.07294945671079343
2010-05-18 00:00:00-04:00,60.89838062318013,61.03540931954965,60.687124601060006,60.90408706665039,582100,0.0,0.0,0.0,0.0031975362734186774,0.0031924350256992,0.02708048174534655,0.07337062957220039
2010-05-19 00:00:00-04:00,60.75562907443295,61.09249212702695,60.75562907443295,60.93833541870117,503300,0.0,0.0,0.0,0.0005623325740569118,0.0005621745243432149,0.02373851685883851,0.07249443304711559
2010-05-20 00:00:00-04:00,60.97831907294419,61.05254204832824,60.670001215399274,60.80131912231445,1009400,0.0,0.0,0.0,-0.002248441731223738,-0.0022509732717258288,0.032571963025458686,0.07249254419829075
2010-05-21 00:00:00-04:00,60.841298343167686,60.898397642337486,60.48159628114856,60.69855880737305,1775500,0.0,0.0,0.0,-0.0016901000903398744,-0.0016915299207623479,0.0362576929220619,0.07282229325744699
2010-05-24 00:00:00-04:00,60.7270577254848,60.90976400442625,60.72134692912564,60.858375549316406,717800,0.0,0.0,0.0,0.0026329577684132133,0.00262949760741584,0.03903010833462945,0.07332149158335169
2010-05-25 00:00:00-04:00,60.76132707978105,60.79558750936734,60.49868701861819,60.567203521728516,901500,0.0,0.0,0.0,-0.0047844199744033755,-0.004795901949348341,0.04485795587033447,0.07551475234963816
2010-05-26 00:00:00-04:00,60.60149363643989,60.635749729206324,60.384531122144644,60.60720443725586,562000,0.0,0.0,0.0,0.0006604385410164948,0.0006602205474588823,0.0450925535199239,0.07530799498942954
2010-05-27 00:00:00-04:00,60.367405904241025,60.37311234925967,60.16756707090097,60.29317855834961,767600,0.0,0.0,0.0,-0.005181329213614361,-0.005194798847039436,0.05381891711312276,0.07684366127825014
2010-05-28 00:00:00-04:00,60.40162053199758,60.53864917147621,60.1789473593216,60.21320343017578,1042200,0.0,0.0,0.0,-0.001326437419391202,-0.0013273179162070585,0.05387331781940969,0.07503027322259719
2010-06-01 00:00:00-04:00,60.220681110422255,60.39269280538594,60.12894474769698,60.16334533691406,782400,0.443,0.0,0.0,-0.000828025921582709,-0.0008283689244026704,0.0407458798548637,0.07494837881506791
2010-06-02 00:00:00-04:00,60.163325917075575,60.37547302246093,60.163325917075575,60.37547302246094,521000,0.0,0.0,0.0,0.0035258625390419684,0.003519661258021274,0.050309457405567776,0.0761711811815982
2010-06-03 00:00:00-04:00,60.35823062815119,60.51877676600717,60.18048858642578,60.18048858642578,1017000,0.0,0.0,0.0,-0.0032295305738245794,-0.003234756762813103,0.05158727128541287,0.0755721909995291
2010-06-04 00:00:00-04:00,60.32961911747118,60.581901757585555,60.26081356804756,60.5474967956543,745200,0.0,0.0,0.0,0.006098458451387456,0.0060799381125148854,0.06091642447527729,0.050678896947700995
2010-06-07 00:00:00-04:00,60.49015578598988,60.85137504669129,60.49015578598988,60.799774169921875,551500,0.0,0.0,0.0,0.004166602875739223,0.004157946622426875,0.061045320529466165,0.05141838667834079
2010-06-08 00:00:00-04:00,60.765373585408945,60.931645993513825,60.63923227627681,60.799774169921875,953500,0.0,0.0,0.0,0.0,0.0,0.05892027541176984,0.046924729565159
2010-06-09 00:00:00-04:00,60.71378615451781,60.908733064333894,60.58191429221969,60.82272720336914,526900,0.0,0.0,0.0,0.00037751839970856516,0.0003774471575670881,0.05839872181522672,0.04685036806053077
2010-06-10 00:00:00-04:00,60.62778943494041,60.748195908669885,60.46724746996778,60.57045364379883,1037200,0.0,0.0,0.0,-0.00414768576106106,-0.004156311268505603,0.06323001151504737,0.0494094750976783
2010-06-11 00:00:00-04:00,60.713784969903756,60.822726016629495,60.558977922739565,60.7940559387207,483100,0.0,0.0,0.0,0.003691606740092057,0.003684809483326748,0.053239949040579895,0.05005765401897896
2010-06-14 00:00:00-04:00,60.58760348826592,60.6793441772461,60.455731715902935,60.679344177246094,712900,0.0,0.0,0.0,-0.0018868910735325706,-0.0018886734950039489,0.04611915801248767,0.05056060004230448
2010-06-15 00:00:00-04:00,60.70225000362478,60.73091567424536,60.501568437107245,60.604774475097656,663100,0.0,0.0,0.0,-0.001228914108409196,-0.0012296698425704837,0.046284176181886176,0.05037452348316015
2010-06-16 00:00:00-04:00,60.685031694286664,60.719436615496846,60.51875946857798,60.66783142089844,568000,0.0,0.0,0.0,0.0010404616855177462,0.0010399207804197377,0.04742652746525336,0.049077203162643544
2010-06-17 00:00:00-04:00,60.86278655007752,61.11506455235416,60.776780796704756,61.06919860839844,1487500,0.0,0.0,0.0,0.006615815632429856,0.006594027170359079,0.05612300899278531,0.05469063650296525
2010-06-18 00:00:00-04:00,61.08067684190374,61.16094772874469,60.98320567565904,61.0634765625,726300,0.0,0.0,0.0,-9.369774008549658e-05,-9.370212999296356e-05,0.053819137534886013,0.053987021460728576
2010-06-21 00:00:00-04:00,60.96604833560636,61.22979634590785,60.92591286391784,61.218326568603516,686300,0.0,0.0,0.0,0.002535885848966135,0.0025326759159838203,0.0483244601594576,0.0540872286680453
2010-06-22 00:00:00-04:00,61.143756345676096,61.53938032726589,61.12655606376974,61.51644515991211,657000,0.0,0.0,0.0,0.004869760544246704,0.004857941615073354,0.04361597470211895,0.05584859507664407
2010-06-23 00:00:00-04:00,61.430479002491005,61.803168057135046,61.424744113344225,61.774497985839844,1105800,0.0,0.0,0.0,0.004194859199957435,0.004186085306377594,0.040342827798788596,0.05353376437393362
2010-06-24 00:00:00-04:00,61.79740638940529,61.826076448276936,61.493523012887856,61.527923583984375,743000,0.0,0.0,0.0,-0.003991524170896321,-0.003999511565169553,0.057449093451864,0.05638743675044219
2010-06-25 00:00:00-04:00,61.53367044256908,61.77448323597063,61.470599800329964,61.631141662597656,485000,0.0,0.0,0.0,0.0016775810493976362,0.0016761754820581796,0.05569703109676202,0.05187779022510369
2010-06-28 00:00:00-04:00,61.86618101824443,61.99232221520253,61.76870986584395,61.96938705444336,772700,0.0,0.0,0.0,0.005488222069573778,0.005473216655823598,0.06159452662354533,0.05326597764302353
2010-06-29 00:00:00-04:00,62.072622450505975,62.072622450505975,61.8891454520841,61.94074630737305,1007200,0.0,0.0,0.0,-0.0004621757359831724,-0.0004622825721079494,0.05999658314619497,0.05307450770704629
2010-06-30 00:00:00-04:00,62.05543746393016,62.187309265136726,62.02676739874381,62.18730926513672,850800,0.0,0.0,0.0,0.003980626202663595,0.0039727244724626284,0.05937977958040172,0.053332960105954744
2010-07-01 00:00:00-04:00,62.267917559295896,62.44062548824752,62.18156139869169,62.25640106201172,1478700,0.44,0.0,0.0,0.0011110272769709884,0.0011104105429291951,0.03756804039277032,0.050388344114738116
2010-07-02 00:00:00-04:00,62.26215103749897,62.302449988125254,62.04338154073666,62.07792663574219,600400,0.0,0.0,0.0,-0.0028667642720265896,-0.002870881310991695,0.05331393769877658,0.05006139107414408
2010-07-06 00:00:00-04:00,62.29091791067393,62.521199453330404,62.175779335473244,62.33697509765625,993400,0.0,0.0,0.0,0.004172956088467572,0.004164273453664166,0.0475433151024624,0.050066299072261844
2010-07-07 00:00:00-04:00,62.30245678621222,62.4866812080705,62.29669853770695,62.377296447753906,634100,0.0,0.0,0.0,0.0006468287887644308,0.0006466196851880603,0.04573715933993518,0.049903817640184096
2010-07-08 00:00:00-04:00,62.244887580073645,62.262157933361095,62.10096211300265,62.221858978271484,738200,0.0,0.0,0.0,-0.0024918917352022563,-0.0024950016648919065,0.04589127821245534,0.05160720089637913
2010-07-09 00:00:00-04:00,62.22186631005474,62.24489491457043,62.09521118134706,62.14702224731445,530000,0.0,0.0,0.0,-0.0012027401975110985,-0.00120346406998101,0.04566491529294626,0.04857256235025842
2010-07-12 00:00:00-04:00,62.27367003813383,62.32548549025286,62.14126106809226,62.221858978271484,585100,0.0,0.0,0.0,0.0012041885234534977,0.00120346406998087,0.04035760907390488,0.04773671171989694
2010-07-13 00:00:00-04:00,62.29094176935068,62.34851547125801,62.15277454773803,62.25640106201172,709000,0.0,0.0,0.0,0.0005551438723856439,0.0005549898370313391,0.024465185703119608,0.04643483722792395
2010-07-14 00:00:00-04:00,62.30824476549713,62.59033758526388,62.29097001173858,62.53276824951172,1880300,0.0,0.0,0.0,0.004439177061081878,0.004429352977758992,0.0418999625407745,0.046718339293109194
2010-07-15 00:00:00-04:00,62.53269429407007,62.705402097070504,62.53269429407007,62.64207458496094,1038800,0.0,0.0,0.0,0.001747984912695344,0.0017464589650313838,0.03260167401819596,0.04667922455101134
2010-07-16 00:00:00-04:00,62.745737113573355,62.96450660569345,62.688167812794,62.751495361328125,814100,0.0,0.0,0.0,0.0017467616947899334,0.0017452378808159327,0.02351803484567025,0.04278646407906377
2010-07-19 00:00:00-04:00,62.728462295593765,62.83208878651968,62.68240510134763,62.7399787902832,580700,0.0,0.0,0.0,-0.0001835266391440049,-0.00018354348221844274,0.027903015684633863,0.04282819756445918
2010-07-20 00:00:00-04:00,62.72848410941924,62.9645240178217,62.72848410941924,62.80908203125,1052100,0.0,0.0,0.0,0.0011014227658219244,0.0011008166447902315,0.026786076593416856,0.04260733651281719
2010-07-21 00:00:00-04:00,62.7457592954861,63.114208221435554,62.71697683104928,63.11420822143555,779400,0.0,0.0,0.0,0.004857994740851801,0.004846232762106483,0.029447758573702985,0.04259423252835628
2010-07-22 00:00:00-04:00,63.13147251471217,63.142984620128686,62.85513366988963,63.033599853515625,827300,0.0,0.0,0.0,-0.0012771825899662304,-0.0012779988827609418,0.03699826410471311,0.04206385831066236
2010-07-23 00:00:00-04:00,63.13148297080683,63.14875332792045,62.96452886494573,63.11420822143555,675800,0.0,0.0,0.0,0.001278815871332828,0.0012779988827609004,0.03675003032669573,0.03767953075130421
2010-07-26 00:00:00-04:00,63.022092083617565,63.18328792407957,62.95300626959503,63.171775817871094,538000,0.0,0.0,0.0,0.0009121178583681999,0.0009117021316497267,0.035017307676766946,0.037669354280585335
2010-07-27 00:00:00-04:00,63.04510783031842,63.2120618859632,62.9587516784668,62.9587516784668,1108600,0.0,0.0,0.0,-0.0033721410653146933,-0.003377839547326805,0.048875926344852126,0.03753935039999369
2010-07-28 00:00:00-04:00,63.09118939111761,63.19481594211492,62.889694539805696,63.18330383300781,777600,0.0,0.0,0.0,0.0035666551282307335,0.003560309697328688,0.04195890855223128,0.03846261025683089
2010-07-29 00:00:00-04:00,63.131451557724425,63.26961873814153,63.06236577138813,63.20629119873047,513000,0.0,0.0,0.0,0.0003638202551643488,0.00036375408862331364,0.039829171402735,0.036849500684700186
2010-07-30 00:00:00-04:00,63.34446650612991,63.56898985020946,63.34446650612991,63.499908447265625,796300,0.0,0.0,0.0,0.00464538011907667,0.0046346236399438185,0.049666895641023806,0.039280836634929914
2010-08-02 00:00:00-04:00,63.52707959465834,63.550195385639675,63.32477894088884,63.365238189697266,764100,0.437,0.0,0.0,-0.002120794515478641,-0.002123046584848037,0.055220232667749114,0.03838794267510388
2010-08-03 00:00:00-04:00,63.521244049072266,63.602162477399,63.40564314451721,63.521244049072266,1060700,0.0,0.0,0.0,0.0024620101467616173,0.002458984365099413,0.04280924061262829,0.03698452020857607
2010-08-04 00:00:00-04:00,63.48084358835223,63.55019978555291,63.31900658191372,63.32478332519531,859900,0.0,0.0,0.0,-0.003092834953376866,-0.003097627651969597,0.05070997091577243,0.039667948835415606
2010-08-05 00:00:00-04:00,63.39992847205905,63.515525080054005,63.342125758333644,63.44038772583008,1093400,0.0,0.0,0.0,0.0018255790950139072,0.001823914750784662,0.05160465878744335,0.03789895215406143
2010-08-06 00:00:00-04:00,63.68890781663863,63.85652594139168,63.61376607225433,63.80450439453125,685700,0.0,0.0,0.0,0.005739508879970545,0.005723100652386931,0.057107257683178356,0.04053316855886129
2010-08-09 00:00:00-04:00,63.84494753032828,64.02990465412971,63.752471173290395,64.01256561279297,844400,0.0,0.0,0.0,0.00326091739503509,0.0032556121341228636,0.0512841597457732,0.04110862243371264
2010-08-10 00:00:00-04:00,63.9258861757018,64.0010279248484,63.79872728612484,63.93166732788086,1260100,0.0,0.0,0.0,-0.0012637875726065895,-0.0012645868255825455,0.055956507427089505,0.0421126116074269
2010-08-11 00:00:00-04:00,63.94323855604092,64.12241903313826,63.891221404763876,63.925899505615234,934600,0.0,0.0,0.0,-9.021854906499094e-05,-9.022261900307974e-05,0.043885067619344215,0.04072630597747478
2010-08-12 00:00:00-04:00,63.89123126245396,63.98370768223498,63.68315380578582,63.70049285888672,1427100,0.0,0.0,0.0,-0.003526061400336067,-0.0035322926068923305,0.05844454019028648,0.04380882566845694
2010-08-13 00:00:00-04:00,63.804510999463055,64.02992743649712,63.775609647134694,63.94900894165039,894800,0.0,0.0,0.0,0.0039013211925094105,0.003893730774353727,0.0494731245540279,0.04504918773800604
2010-08-16 00:00:00-04:00,64.31895362133851,64.71776954076927,64.31895362133851,64.65419006347656,786200,0.0,0.0,0.0,0.011027240820410622,0.010966884107002021,0.09072955028407619,0.05723712818706507
2010-08-17 00:00:00-04:00,64.6773222471677,64.72356267734581,64.42878544712305,64.55016326904297,799600,0.0,0.0,0.0,-0.0016089722001229045,-0.0016102679860021155,0.09154360264538255,0.058292589761336916
2010-08-18 00:00:00-04:00,64.61366078754256,64.72925730660896,64.5038410076223,64.60787963867188,1889200,0.0,0.0,0.0,0.0008941320471700376,0.0008937325492293551,0.09042775936370169,0.05683061350597029
2010-08-19 00:00:00-04:00,64.4980581319578,64.95467186657697,64.49228139296632,64.67723846435547,1439500,0.0,0.0,0.0,0.0010735350869195415,0.0010729592602047257,0.07720832684816165,0.05609239801011514
2010-08-20 00:00:00-04:00,64.64843253994756,64.8796303228214,64.61953557317015,64.79293060302734,1402000,0.0,0.0,0.0,0.0017887612615934412,0.0017871633334255138,0.07721031637290429,0.05611979001710731
2010-08-23 00:00:00-04:00,64.72929100070681,64.94314952299827,64.63681461926107,64.93158721923828,549100,0.0,0.0,0.0,0.002139996060070981,0.0021377095300315263,0.02333544808267906,0.05617085562494606
2010-08-24 00:00:00-04:00,65.08766744515972,65.19748731597927,64.93738831820585,65.0818862915039,826000,0.0,0.0,0.0,0.0023147296824601593,0.0023120548226317913,0.010054225595373164,0.053344921573832894
2010-08-25 00:00:00-04:00,65.31305162802802,65.31305162802802,64.96625754557661,65.20323181152344,1820000,0.0,0.0,0.0,0.0018645052707295662,0.0018627692383366907,0.0075549651542037325,0.05288029693080988
2010-08-26 00:00:00-04:00,65.16857418979495,65.28995193628049,65.0703166440296,65.26105499267578,703600,0.0,0.0,0.0,0.0008868146493028473,0.0008864216615127957,0.008762431039529462,0.05275320699928384
2010-08-27 00:00:00-04:00,65.15125846263054,65.2610783529298,64.63106478454061,64.67152404785156,1642300,0.0,0.0,0.0,-0.009033426518930465,-0.00907447531075944,0.0774178555547336,0.06354275445392966
2010-08-30 00:00:00-04:00,65.00097162855633,65.15125076440965,64.72353797284235,65.09345245361328,1574500,0.0,0.0,0.0,0.006524176010596738,0.006502985690604239,0.09135810881191264,0.06543350813063274
2010-08-31 00:00:00-04:00,65.11657232573397,65.34198882349301,64.96629319065178,65.3130874633789,1450700,0.0,0.0,0.0,0.003374149034760965,0.003368469366352459,0.09297095031879439,0.06571778014550267
2010-09-01 00:00:00-04:00,65.18194445322628,65.20515172950036,64.65979180289784,64.8222427368164,2395600,0.424,0.0,0.0,-0.007515258359784616,-0.007543640201219033,0.1083004507355248,0.071360442937633
2010-09-02 00:00:00-04:00,64.67141803699724,64.78745002860263,64.59019475760611,64.74103546142578,1243900,0.0,0.0,0.0,-0.001252768678805749,-0.0012535540494807587,0.10681703753031853,0.07182552310193398
2010-09-03 00:00:00-04:00,64.2362730170455,64.48574571119428,64.20726281429093,64.25367736816406,1184800,0.0,0.0,0.0,-0.007527808132634761,-0.0075562850829678134,0.10054986465143828,0.0756146502391282
2010-09-07 00:00:00-04:00,64.74102494969138,64.82805114243372,64.39872753159716,64.72942352294922,1128300,0.0,0.0,0.0,0.0074041856321966915,0.007376909206821565,0.10495040341073122,0.07907292114585923
2010-09-08 00:00:00-04:00,64.67722379277532,64.68882522190849,64.51477280055244,64.60179901123047,556200,0.0,0.0,0.0,-0.001971661491369514,-0.001973607774583011,0.09715391454874463,0.0793300122912109
2010-09-09 00:00:00-04:00,64.50313764150046,64.51473906456701,64.14343155775234,64.26526641845703,967700,0.0,0.0,0.0,-0.005209337788177337,-0.005222953695431325,0.09030284383501977,0.08190309159073524
2010-09-10 00:00:00-04:00,64.11447410601934,64.36394694014152,64.06225659703016,64.31172943115234,1105900,0.0,0.0,0.0,0.0007229879417720575,0.0007227267118932022,0.09200836554180354,0.08066539761964041
2010-09-13 00:00:00-04:00,64.3001074153932,64.57278745218184,64.2536928503363,64.39873504638672,987900,0.0,0.0,0.0,0.0013528732006424793,0.0013519588922299688,0.07409436864122394,0.07973782379865234
2010-09-14 00:00:00-04:00,64.51477035089607,64.7468387617801,64.47415871096663,64.70042419433594,1846500,0.0,0.0,0.0,0.004684706116228954,0.004673767031491782,0.059018564574620534,0.07120885488424779
2010-09-15 00:00:00-04:00,64.59593963623047,64.72357737684354,64.51471642426452,64.59593963623047,983200,0.0,0.0,0.0,-0.001614897574576002,-0.001616202927193992,0.05835027975436031,0.0712106837110809
2010-09-16 00:00:00-04:00,64.42196981684951,64.42777274654179,64.23051297405028,64.39295959472656,1382000,0.0,0.0,0.0,-0.0031423034117465942,-0.0031472508139901326,0.04760944511587794,0.07200926980677316
2010-09-17 00:00:00-04:00,64.59599608349541,64.66561793730521,64.4219480884763,64.60179901123047,2647200,0.0,0.0,0.0,0.0032432026392059665,0.0032379548010003363,0.051856764668455,0.07290719339507401
2010-09-20 00:00:00-04:00,64.68299102783203,64.74100699812809,64.5785605107652,64.68299102783203,775000,0.0,0.0,0.0,0.0012568073620897735,0.0012560182408301425,0.051808923369381664,0.07275370579505444
2010-09-21 00:00:00-04:00,64.75846763146932,65.25741334297352,64.74686177231526,65.17618560791016,1416600,0.0,0.0,0.0,0.007624795517973348,0.007595873686957399,0.06728482789393704,0.07742350296658057
2010-09-22 00:00:00-04:00,65.23995145074987,65.32117469336146,65.08330789038033,65.1355209350586,851200,0.0,0.0,0.0,-0.0006239191887692508,-0.0006241139073429569,0.06473880395042617,0.07706042403413943
2010-09-23 00:00:00-04:00,65.37337955883675,65.3849809799722,65.13550837538807,65.18192291259766,594200,0.0,0.0,0.0,0.0007123912862434523,0.0007121376560199203,0.05100844067130367,0.07680919955376168
2010-09-24 00:00:00-04:00,65.17613496925136,65.17613496925136,64.98468270534188,65.03689575195312,1064700,0.0,0.0,0.0,-0.0022249598380059687,-0.002227438738798712,0.05964305198182468,0.07712346674265579
2010-09-27 00:00:00-04:00,65.28639450985932,65.41403235437441,65.2167770865505,65.37342071533203,770900,0.0,0.0,0.0,0.005174370017019259,0.005161028965717077,0.06546203926406355,0.07174653407405611
2010-09-28 00:00:00-04:00,65.37340133323654,65.66928857358359,65.33278970623482,65.48943328857422,595900,0.0,0.0,0.0,0.0017746137799239392,0.0017730410133172776,0.044291411927139895,0.06840373787999979
2010-09-29 00:00:00-04:00,65.51267777939918,65.55328942947035,65.37343846863197,65.42565155029297,751900,0.0,0.0,0.0,-0.0009739241138367882,-0.0009743986860831353,0.045142722338876576,0.06755821883572038
2010-09-30 00:00:00-04:00,65.41985284498138,65.64611838415375,65.09495521908067,65.6113052368164,1089800,0.0,0.0,0.0,0.002837628393822289,0.0028336099265212755,0.04708794598891759,0.06184441271016924
2010-10-01 00:00:00-04:00,65.43891307114228,65.5437459677175,63.4703891725518,65.2933120727539,3916600,0.434,0.0,0.0,-0.004846621522232142,-0.004858404479427777,0.061105425405256174,0.06453894166073056
2010-10-04 00:00:00-04:00,65.29910187733921,65.43887751569746,65.29910187733921,65.39810943603516,847300,0.0,0.0,0.0,0.0016050244650551715,0.0016037377898679072,0.04904701674033836,0.05733862921641353
2010-10-05 00:00:00-04:00,65.57285733137557,65.64857268718269,65.45055303744417,65.53208923339844,1236000,0.0,0.0,0.0,0.0020486799774284137,0.0020465842943712806,0.049678336697981273,0.05218800320123288
2010-10-06 00:00:00-04:00,65.88729383155629,66.38234026716698,65.85235105008175,65.95718383789062,1457100,0.0,0.0,0.0,0.006486815992973627,0.0064658671475105265,0.06505135410963615,0.05516544843484629
2010-10-07 00:00:00-04:00,66.06203963373983,66.09698242738423,65.91061345563614,65.93973541259766,713800,0.0,0.0,0.0,-0.000264541696259446,-0.00026457669358628013,0.06514005731904736,0.05030922250721554
2010-10-08 00:00:00-04:00,66.10285436888226,66.15526859634761,65.85242046974915,65.87571716308594,1160400,0.0,0.0,0.0,-0.0009708599695030795,-0.0009713315592997493,0.046284671210430055,0.05091877152725371
2010-10-11 00:00:00-04:00,65.86406225613638,66.044610506756,65.8524161319301,65.93395233154297,460300,0.0,0.0,0.0,0.0008840157035840956,0.0008836251918307392,0.046738211753432485,0.050928153419414576
2010-10-12 00:00:00-04:00,65.9747290337543,66.0970333491208,65.7883599184258,65.83495330810547,748800,0.0,0.0,0.0,-0.0015014877758229295,-0.0015026161382164012,0.051336670033978564,0.0500133718403314
2010-10-13 00:00:00-04:00,65.77085057157986,65.91645149780372,65.63689576436333,65.79997253417969,996600,0.0,0.0,0.0,-0.0005313404531794852,-0.0005314816645411658,0.014185113969295723,0.04944275680064323
2010-10-14 00:00:00-04:00,65.7184686797179,65.78253347855475,65.25837340572971,65.27001953125,1236100,0.0,0.0,0.0,-0.008054000366860437,-0.00808660903263907,0.05523498403692691,0.057261938290794234
2010-10-15 00:00:00-04:00,65.04286778869509,65.21176545305488,64.85649871826172,64.85649871826172,1287700,0.0,0.0,0.0,-0.00633553989960578,-0.006355694604905021,0.061500237621440815,0.06151786675061558
2010-10-18 00:00:00-04:00,65.10693170869072,65.31659746556782,65.08946030284915,65.30494689941406,662600,0.0,0.0,0.0,0.0069144679409909315,0.0068906726324984785,0.09299556075740431,0.06592253285806288
2010-10-19 00:00:00-04:00,65.10689724396718,65.45051322599394,65.07777528738771,65.31073760986328,685300,0.0,0.0,0.0,8.867184990046795e-05,8.866791878437007e-05,0.09410514699422266,0.06028635822469514
2010-10-20 00:00:00-04:00,65.33991192896188,65.5903458487248,65.17683950556096,65.4272689819336,632700,0.0,0.0,0.0,0.0017842605417568436,0.0017826706398349859,0.09712374603928757,0.060503184459880024
2010-10-21 00:00:00-04:00,65.39811099354623,65.5611833160791,65.25251007080078,65.25251007080078,841200,0.0,0.0,0.0,-0.002671040895518173,-0.0026746144901476517,0.07868106284840172,0.06133200663575844
2010-10-22 00:00:00-04:00,65.28166488443249,65.42726589035911,65.22925065512614,65.3340835571289,640000,0.0,0.0,0.0,0.0012501202825703217,0.0012493395328295246,0.055473155301309994,0.06085255288920917
2010-10-25 00:00:00-04:00,65.70682284294888,65.7592415164958,65.54957570908836,65.56704711914062,716400,0.0,0.0,0.0,0.003565727860987078,0.003559385725146769,0.03669611253205531,0.05937059484846878
2010-10-26 00:00:00-04:00,65.32239264457908,65.48546494846678,65.21755981445312,65.21755981445312,598800,0.0,0.0,0.0,-0.005330227912391017,-0.005344484259475985,0.05757324260874427,0.06209324625172064
2010-10-27 00:00:00-04:00,65.0370402299976,65.18264120003523,65.03121939043615,65.04869079589844,1751000,0.0,0.0,0.0,-0.002589318260835416,-0.002592676343378867,0.056045136109692,0.062622548220925
2010-10-28 00:00:00-04:00,65.2233761835116,65.42721654940772,65.17678727372586,65.31073760986328,1264500,0.0,0.0,0.0,0.004028471761054586,0.00402037919519129,0.06421363915484625,0.06354510359481919
2010-10-29 00:00:00-04:00,65.32243241954048,65.5204476395797,65.29913572717297,65.43891143798828,583800,0.0,0.0,0.0,0.001962523052344789,0.001960599819826976,0.06515046072422856,0.06153742402186132
2010-11-01 00:00:00-04:00,65.52777991913938,65.81425807450502,65.34653481385371,65.41669464111328,865500,0.432,0.0,0.0,-0.0003395043772397299,-0.0003395620218982575,0.05847899590620911,0.06130107644627962
2010-11-02 00:00:00-04:00,65.52779741151545,65.74996356633439,65.52779741151545,65.72073364257812,555600,0.0,0.0,0.0,0.004647727971167859,0.004636960633070144,0.048027127226893104,0.06310871552413715
2010-11-03 00:00:00-04:00,65.8376075699574,66.00715704485246,65.36404126939549,65.50435638427734,932000,0.0,0.0,0.0,-0.003292374359019634,-0.0032978061490806314,0.051937350723464226,0.059533153585641395
2010-11-04 00:00:00-04:00,65.82005246337211,66.17669015677241,65.82005246337211,66.12406921386719,990300,0.0,0.0,0.0,0.009460635350026836,0.009416163805435935,0.07734881577095888,0.06895483106680697
2010-11-05 00:00:00-04:00,65.9896581104691,66.0832000901002,65.8376473754613,65.91365051269531,455800,0.0,0.0,0.0,-0.0031821801603182376,-0.003187254062511144,0.08750615796109402,0.06987162708383719
2010-11-08 00:00:00-05:00,65.97794511937614,66.05395269704059,65.81424335292749,65.94871520996094,432500,0.0,0.0,0.0,0.0005319792940139401,0.0005318378431930256,0.08659175868992489,0.06982625088945654
2010-11-09 00:00:00-05:00,66.01303293714133,66.01887624320415,65.42838117205336,65.45761108398438,1438900,0.0,0.0,0.0,-0.007446758051510738,-0.0074746235790008235,0.10137333655950151,0.07457261932032978
2010-11-10 00:00:00-05:00,65.26465503867695,65.44005229895883,64.78524091584909,65.31727600097656,1169900,0.0,0.0,0.0,-0.0021439078005421885,-0.0021462092608716594,0.0999014647764619,0.07486470938993703
2010-11-11 00:00:00-05:00,65.30557471107745,65.33480907205836,65.02494447202449,65.03079223632812,778500,0.0,0.0,0.0,-0.004386033560924263,-0.004395680424100965,0.04655748950694481,0.07089001900511369
2010-11-12 00:00:00-05:00,64.95479250222502,65.04249113518901,64.557229231921,64.57476806640625,1351700,0.0,0.0,0.0,-0.007012434482800645,-0.007037137153132081,0.05327194930568214,0.07170634230626495
2010-11-15 00:00:00-05:00,64.34675806895089,64.47538214343282,63.86734390258788,63.86734390258789,1294100,0.0,0.0,0.0,-0.010955117377903223,-0.011015566567008354,0.05288238710028454,0.07608630257070613
2010-11-16 00:00:00-05:00,64.01938586639028,64.2532475287865,63.738750979406774,64.20647430419922,2219600,0.0,0.0,0.0,0.005309918667176339,0.005295870755951782,0.09642541767125254,0.07935647537151505
2010-11-17 00:00:00-05:00,64.25909529699497,64.52803464756155,64.17723992369712,64.20647430419922,1237000,0.0,0.0,0.0,0.0,0.0,0.0999350532425437,0.07882474013365684
2010-11-18 00:00:00-05:00,64.27074317800087,64.35844180002678,64.00765177246035,64.25320434570312,1001200,0.0,0.0,0.0,0.0007278088699047558,0.0007275441454672749,0.10332147391139188,0.07875207733573372
2010-11-19 00:00:00-05:00,64.35257317943923,64.52212260426272,64.25318352160554,64.47534942626953,676400,0.0,0.0,0.0,0.0034573385534391043,0.0034513756982894428,0.10048274407734634,0.07988081833313014
2010-11-22 00:00:00-05:00,64.60397181231455,64.84368099810514,64.60397181231455,64.83198547363281,759800,0.0,0.0,0.0,0.005531355014541051,0.005516113249636401,0.04056189464819555,0.08154386572266757
2010-11-23 00:00:00-05:00,64.98983849449368,65.00737731922656,64.7501293283836,64.86705780029297,749200,0.0,0.0,0.0,0.0005409725832694612,0.0005408263103522511,0.037505751814709325,0.07962043759527822
2010-11-24 00:00:00-05:00,64.56893695697845,64.5806280286641,64.22983789109269,64.33507537841797,644500,0.0,0.0,0.0,-0.008201118409174923,-0.008234932583693105,0.08316487027978242,0.08416258456521551
2010-11-26 00:00:00-05:00,64.41693115234375,64.51047311454644,64.28830705134345,64.41693115234375,233400,0.0,0.0,0.0,0.0012723350900625263,0.0012715263576848616,0.08338499523101528,0.08273569902866446
2010-11-29 00:00:00-05:00,64.49877052545081,64.6040080019751,64.4227674159481,64.48123168945312,494600,0.0,0.0,0.0,0.000998193114125634,0.0009976952506608003,0.07967282931566111,0.08239795720457159
2010-11-30 00:00:00-05:00,64.66243555760839,64.74428638614494,64.35841883169206,64.38180541992188,1324500,0.0,0.0,0.0,-0.0015419412273340871,-0.0015431312421542876,0.06296724233592928,0.0824340664007361
2010-12-01 00:00:00-05:00,64.20924302377188,64.30314817920276,64.01555776350735,64.23858642578125,1473400,0.426,0.0,0.0,-0.0022245259076923984,-0.0022270038409492507,0.060652817305517755,0.08000146063652913
2010-12-02 00:00:00-05:00,64.03910985817011,64.26213878055404,63.92759315804665,64.0978012084961,1011600,0.0,0.0,0.0,-0.002191598930150973,-0.0021940039976911085,0.02752390081516866,0.07970129528082676
2010-12-03 00:00:00-05:00,64.22684308981303,64.3677030468196,63.89229789326162,63.915775299072266,1391800,0.0,0.0,0.0,-0.002839815188538819,-0.0028438551139317644,0.02384232299358419,0.0694391567837436
2010-12-06 00:00:00-05:00,64.2151849814142,64.3619155883789,64.1564891563381,64.3619155883789,670700,0.0,0.0,0.0,0.006980127945238612,0.006955879624368926,0.06557492656937507,0.07563190977436757
2010-12-07 00:00:00-05:00,64.06254179190785,64.17992440918597,63.55191800324238,63.76321029663086,1302200,0.0,0.0,0.0,-0.009302167069995426,-0.00934570241848061,0.09212725647186783,0.08057439083056744
2010-12-08 00:00:00-05:00,63.534327106006884,63.54606357955518,62.935668442102866,63.35238265991211,3831100,0.0,0.0,0.0,-0.006443019961001828,-0.006463865802467494,0.09771663086334671,0.0796941299559044
2010-12-09 00:00:00-05:00,63.42278657426879,63.62234237233216,63.25844913931029,63.50495529174805,1967300,0.0,0.0,0.0,0.0024083171844535567,0.00240542183630248,0.10461355306703059,0.08092675616954598
2010-12-10 00:00:00-05:00,63.35822876201068,63.52843668110848,63.13520001174092,63.21149826049805,1335200,0.0,0.0,0.0,-0.004621009965314227,-0.004631719838220338,0.10643514876326271,0.08104620754646825
2010-12-13 00:00:00-05:00,63.15870603248709,63.61063421155593,63.13522860426952,63.44629669189453,1670200,0.0,0.0,0.0,0.0037144892599898505,0.0037076075807763666,0.08994668277181808,0.0801426831146413
2010-12-14 00:00:00-05:00,63.182194047850174,63.34653159504885,62.80656408914969,63.05894088745117,1976500,0.0,0.0,0.0,-0.006105254753077549,-0.006123968025954171,0.07749819499831134,0.07363181439025852
2010-12-15 00:00:00-05:00,63.16455968271393,63.28194231467084,62.61285146122359,62.665672302246094,2601900,0.0,0.0,0.0,-0.006236523792985893,-0.00625605214251136,0.07679820368261436,0.0726859890259927
2010-12-16 00:00:00-05:00,62.61874137680285,63.00023728803229,62.41331499031097,62.97089385986328,1892500,0.0,0.0,0.0,0.004870634055357481,0.004858810892630919,0.08731179539875764,0.07574757378797359
2010-12-17 00:00:00-05:00,63.01784743864133,63.57542181900901,63.011976961982036,63.54607391357422,1678700,0.0,0.0,0.0,0.009134062079394267,0.009092598828377747,0.10979166454420596,0.08369285911232131
2010-12-20 00:00:00-05:00,63.63407884146094,63.76320239117384,63.42278657426879,63.50495529174805,1438200,0.0,0.0,0.0,-0.0006470678563414989,-0.0006472772950991194,0.10752997145174077,0.08235017576727444
2010-12-21 00:00:00-05:00,63.58716641929387,63.663469192029225,63.346530579855774,63.639991760253906,985200,0.0,0.0,0.0,0.0021263926237802266,0.002124135050742976,0.09184105842855383,0.0797541819444205
2010-12-22 00:00:00-05:00,63.67520508139901,63.71628946716113,63.50499706099528,63.58716583251953,749800,0.0,0.0,0.0,-0.0008300743961969781,-0.000830419098714279,0.06632989939274067,0.07957039106059216
2010-12-23 00:00:00-05:00,63.51672134026195,63.61649703979492,63.44041858826295,63.61649703979492,861300,0.0,0.0,0.0,0.0004612755874768837,0.0004611692325977653,0.06558824058221356,0.07495698543239478
2010-12-27 00:00:00-05:00,63.463907153055274,63.79258668841514,63.37000191285375,63.73976135253906,781400,0.0,0.0,0.0,0.0019376155318175936,0.0019357407761561912,0.02207949700170293,0.07520838450884623
2010-12-28 00:00:00-05:00,63.697288212925955,63.75032252120896,63.17875500784948,63.23178482055664,584800,0.428,0.0,0.0,-0.007969539282910887,-0.008001465800661748,0.06594958941986132,0.0794293332670558
2010-12-29 00:00:00-05:00,63.19056849370975,63.874094158794094,63.14932156533935,63.7091064453125,1031600,0.0,0.0,0.0,0.0075487608978686005,0.007520411581076987,0.08870210711399583,0.08491999323260417
2010-12-30 00:00:00-05:00,63.6207088444813,63.762126220062946,63.45572115703983,63.738555908203125,562900,0.0,0.0,0.0,0.00046224887671120207,0.0004621420726113076,0.08820252769855137,0.08473647389238766
2010-12-31 00:00:00-05:00,63.7856823956439,64.08030448523117,63.7856823956439,63.897640228271484,914800,0.0,0.0,0.0,0.0024958883646104546,0.0024927788082418005,0.08933898682201975,0.08503826718065556
2011-01-03 00:00:00-05:00,63.768040738641524,64.16283347612253,63.67375946042462,64.14515686035156,2447900,0.0,0.0,0.0,0.0038736427698400355,0.003866159534381191,0.09178616568120065,0.08555168084459402
2011-01-04 00:00:00-05:00,64.21583245094725,64.33957318877032,64.08030431204979,64.22761535644531,962500,0.0,0.0,0.0,0.0012854983934837971,0.001284672847839967,0.04419246077847619,0.0818684133625033
2011-01-05 00:00:00-05:00,63.93892113848273,63.98016807313365,63.63840518855253,63.75625228881836,1209200,0.0,0.0,0.0,-0.0073389470403193435,-0.007366009600576526,0.0695765984122287,0.07919186679823235
2011-01-06 00:00:00-05:00,63.82697746610729,64.01553556588803,63.75626649284712,63.850547790527344,1089700,0.0,0.0,0.0,0.0014790000717392893,0.0014779074283469457,0.07023020864468772,0.07554349744818044
2011-01-07 00:00:00-05:00,63.79157383306788,64.26296646233816,63.75621612657989,64.1745834350586,1118600,0.0,0.0,0.0,0.005074907823724661,0.005062073881417687,0.07721334150695729,0.07706035373403339
2011-01-10 00:00:00-05:00,64.0980020394575,64.345483596653,64.0980020394575,64.28656005859375,909200,0.0,0.0,0.0,0.0017448749573649724,0.001743354431551214,0.073388943479417,0.0746867449049763
2011-01-11 00:00:00-05:00,64.16869255138953,64.32778650305231,63.98013459228945,64.257080078125,845000,0.0,0.0,0.0,-0.00045857144077832146,-0.0004586766168165175,0.07318083452185056,0.07403308499850024
2011-01-12 00:00:00-05:00,64.11571396204468,64.23945480879075,64.03322006421395,64.21588897705078,1291600,0.0,0.0,0.0,-0.000641035992051564,-0.0006412415434717167,0.0365823106865384,0.06984712525392503
2011-01-13 00:00:00-05:00,64.13923693515422,64.49867629414722,64.0920963153178,64.49278259277344,971000,0.0,0.0,0.0,0.00431191750411819,0.004302647825011844,0.041913321638966695,0.0654103896664352
2011-01-14 00:00:00-05:00,64.45743796521248,64.48100827827164,64.16281579533928,64.18638610839844,1629900,0.0,0.0,0.0,-0.004750864702329216,-0.004762185931356143,0.053138500047125656,0.06760854773300447
2011-01-18 00:00:00-05:00,64.1097693220986,64.27475697511045,63.87407074826322,64.15101623535156,1422700,0.0,0.0,0.0,-0.0005510494544301858,-0.000551201337980261,0.05095626113439944,0.060449123874095116
2011-01-19 00:00:00-05:00,64.12749793836234,64.20999183177409,64.03911033954117,64.10392761230469,1685300,0.0,0.0,0.0,-0.0007340277022911401,-0.0007342972325281836,0.05100760323648419,0.06047142638309617
2011-01-20 00:00:00-05:00,63.98014722072371,64.08031767285998,63.46160935916699,63.826942443847656,1699200,0.0,0.0,0.0,-0.004320876719632771,-0.004330238685111227,0.05798413083386631,0.06243680712104498
2011-01-21 00:00:00-05:00,63.74447803435985,63.962500144598486,63.72090771198978,63.9212532043457,1056600,0.0,0.0,0.0,0.0014776011020898316,0.0014765105237423846,0.042372112301083543,0.06249170560463007
2011-01-24 00:00:00-05:00,63.96247099735326,64.12156498137907,63.90943667229314,63.95068359375,727200,0.0,0.0,0.0,0.00046041633930760106,0.0004603103802271308,0.03479466571480513,0.062491670690437935
2011-01-25 00:00:00-05:00,64.12157927202861,64.33370762839117,63.88588059878375,64.26889038085938,1302200,0.0,0.0,0.0,0.004975815256812677,0.004963476800404334,0.05364061457981295,0.06446675578354989
2011-01-26 00:00:00-05:00,64.12748407230374,64.22176086056918,63.90946197509766,63.909461975097656,1647100,0.0,0.0,0.0,-0.0055925721392066086,-0.005608269122470352,0.06887658148312724,0.060811944653503903
2011-01-27 00:00:00-05:00,63.932986225375295,64.1038675575205,63.8387050094707,64.0154800415039,1094300,0.0,0.0,0.0,0.0016588790318334823,0.0016575046118001314,0.061176881993530344,0.055137910930006244
2011-01-28 00:00:00-05:00,63.856464931808105,64.2394704813586,63.83878381031904,64.09805297851562,1388100,0.0,0.0,0.0,0.0012898901477920166,0.0012890589541841835,0.061020784621562636,0.055259167992883926
2011-01-31 00:00:00-05:00,64.06267064298679,64.22765840399795,63.89768288197563,63.9212532043457,1849900,0.0,0.0,0.0,-0.0027582705863028467,-0.002762081624145386,0.06546334773804945,0.05561974317643844
2011-02-01 00:00:00-05:00,63.86621916034969,63.95495601110376,63.724242907149396,63.83664321899414,989200,0.427,0.0,0.0,-0.001323659676713107,-0.0013245364880015566,0.04762722318054867,0.0538815113249512
2011-02-02 00:00:00-05:00,63.96086640288452,63.97861286853486,63.6295824951529,63.71240234375,1975700,0.0,0.0,0.0,-0.0019462313332787584,-0.001948127702394881,0.031417003333692885,0.053892662723539736
2011-02-03 00:00:00-05:00,63.60003039269891,63.753836161540285,63.54678646245002,63.55862045288086,1645800,0.0,0.0,0.0,-0.0024136884689959226,-0.002416606110806411,0.025606164857971424,0.04799095948982672
2011-02-04 00:00:00-05:00,63.475815132553585,63.55863503118591,63.22735092331064,63.3634147644043,1367700,0.0,0.0,0.0,-0.0030712700666823967,-0.0030759960956819343,0.010929667209976015,0.0486547568902929
2011-02-07 00:00:00-05:00,63.2568640145935,63.50532344584318,63.227283576584234,63.4343376159668,1709500,0.0,0.0,0.0,0.0011193028631144575,0.0011186769107081082,0.025585806027249632,0.0446344429876786
2011-02-08 00:00:00-05:00,63.45210017708266,63.57632992423604,63.17406023725935,63.203636169433594,1263200,0.0,0.0,0.0,-0.0036368543474021298,-0.00364348378057704,0.02941121121025894,0.04500911928056384
2011-02-09 00:00:00-05:00,63.268737278802874,63.688758125251226,63.191834405421325,63.61185073852539,2124900,0.0,0.0,0.0,0.006458719685010994,0.0064379515308517835,0.06686944130247216,0.051958351506769314
2011-02-10 00:00:00-05:00,63.41663740501547,63.52903774340863,63.26283164161353,63.29832458496094,690600,0.0,0.0,0.0,-0.004928738119146847,-0.004940924407375717,0.07387401891398318,0.05429017999766306
2011-02-11 00:00:00-05:00,63.50534357560398,63.68873422537806,63.43435772322668,63.64731979370117,817300,0.0,0.0,0.0,0.005513498359214886,0.005498354664792629,0.08202257226597863,0.05590887277498235
2011-02-14 00:00:00-05:00,63.49352724488155,63.80706019334837,63.49352724488155,63.68874740600586,785400,0.0,0.0,0.0,0.0006508932731019712,0.0006506815339502309,0.08201294647518133,0.05391084882156863
2011-02-15 00:00:00-05:00,63.70651587340683,63.83074569702149,63.61186200016989,63.830745697021484,621800,0.0,0.0,0.0,0.0022295663959350787,0.002227084600977992,0.07192041074135391,0.05469415364718699
2011-02-16 00:00:00-05:00,63.824839446419844,63.99047923912459,63.68286312600804,63.753849029541016,1892600,0.0,0.0,0.0,-0.001204696367569702,-0.0012054225975550617,0.06174502631209406,0.05477547362253799
2011-02-17 00:00:00-05:00,63.960864371736,64.00818677418638,63.83071760997546,63.872127532958984,585600,0.0,0.0,0.0,0.0018552370596975898,0.0018535182329827552,0.039147562329082564,0.0530755066703435
2011-02-18 00:00:00-05:00,63.718310660160846,63.96677017211914,63.68873472588541,63.96677017211914,505900,0.0,0.0,0.0,0.001481751787762553,0.0014806550768175519,0.021675938293012415,0.053076999091289906
2011-02-22 00:00:00-05:00,63.88397824054214,64.29216512659362,63.88397824054214,64.14427185058594,1225300,0.0,0.0,0.0,0.0027749045010274642,0.0027710615610852655,0.0245582911209739,0.053948312159381374
2011-02-23 00:00:00-05:00,64.27442488692047,64.33358130038975,64.03779471969831,64.06737518310547,1293600,0.0,0.0,0.0,-0.0011988080192038009,-0.0011995271643393457,0.029136957740582007,0.05100462967157341
2011-02-24 00:00:00-05:00,64.23892542091414,64.33357929018341,64.10286612552069,64.13835906982422,718900,0.0,0.0,0.0,0.00110795684255649,0.0011073435113618654,0.023481004051410587,0.0469061344879642
2011-02-25 00:00:00-05:00,64.30990143332139,64.45779468595437,64.2093351047335,64.44004821777344,722900,0.0,0.0,0.0,0.004703724141442267,0.004692696199120603,0.03455368736812131,0.04935800018463978
2011-02-28 00:00:00-05:00,64.44597828757033,64.61161804199219,64.44597828757033,64.61161804199219,718600,0.0,0.0,0.0,0.0026624720024872595,0.002658933902575152,0.034939318595188014,0.04994708776604156
2011-03-01 00:00:00-05:00,64.39897302238762,64.61872582906736,64.36927510509422,64.61278533935547,1332300,0.432,0.0,0.0,1.8066369465108423e-05,1.8066206270221155e-05,0.036580360126560046,0.04856912440701802
2011-03-02 00:00:00-05:00,64.5474776492957,64.63062641124705,64.2683334350586,64.2683334350586,837100,0.0,0.0,0.0,-0.005331017731053822,-0.00534527831092758,0.05985278079205545,0.052532725371423304
2011-03-03 00:00:00-05:00,64.19106285848002,64.23263719910189,63.95943374197774,63.99506759643555,1024200,0.0,0.0,0.0,-0.004251951529117726,-0.00426101678082039,0.06862217781589926,0.054466882038203684
2011-03-04 00:00:00-05:00,64.05449800985929,64.30394420603432,64.03668107174194,64.23861694335938,1385200,0.0,0.0,0.0,0.0038057518504346355,0.0037985282984246966,0.06455763832313079,0.05493976086722382
2011-03-07 00:00:00-05:00,63.98915786009312,64.3098762981236,63.98915786009312,64.0782470703125,451800,0.0,0.0,0.0,-0.002496471447825166,-0.0024995928287111055,0.05810168798569791,0.05447485504461374
2011-03-08 00:00:00-05:00,64.09603320490817,64.14948851785816,63.94161681474884,63.99506759643555,745900,0.0,0.0,0.0,-0.0012980922181856647,-0.001298935469713614,0.05644732784542635,0.05482430163474863
2011-03-09 00:00:00-05:00,64.08419206221318,64.37521260686395,64.02480076164895,64.32769775390625,1745300,0.0,0.0,0.0,0.005197746794617597,0.005184285135461877,0.0651211225374753,0.055066955900902256
2011-03-10 00:00:00-05:00,64.44052404644845,64.64245531084978,64.22077131936669,64.58900451660156,965400,0.0,0.0,0.0,0.00406211899102904,0.004053890860583837,0.05540638431938739,0.05244580769471365
2011-03-11 00:00:00-05:00,64.5652664418677,64.73750438260083,64.45836029007701,64.52963256835938,1541500,0.0,0.0,0.0,-0.0009192268666553538,-0.000919649614759009,0.05507471336420816,0.04844856874485919
2011-03-14 00:00:00-04:00,64.70186893393414,64.79689410473155,64.55932438083961,64.60089874267578,1095700,0.0,0.0,0.0,0.0011043945468138805,0.0011037851517901231,0.046276682398485015,0.04539384526488358
2011-03-15 00:00:00-04:00,64.75531238426271,64.77906980707873,64.51180673011241,64.59495544433594,1659400,0.0,0.0,0.0,-9.200024234212734e-05,-9.200447462400547e-05,0.04207093939130902,0.04549135107691122
2011-03-16 00:00:00-04:00,64.89195932235789,65.3255201143291,64.77317212976654,64.98104858398438,2000100,0.0,0.0,0.0,0.0059771407378885755,0.005959348494813862,0.04612284609837639,0.04896349322290656
2011-03-17 00:00:00-04:00,64.77911895160231,65.01074833570222,64.71972761513771,64.9394760131836,1117800,0.0,0.0,0.0,-0.0006397645422272502,-0.0006399692788888239,0.04511718246691723,0.04868198433485283
2011-03-18 00:00:00-04:00,64.7019043454798,65.02855892975285,64.69596385303322,64.98104858398438,693500,0.0,0.0,0.0,0.0006401741029191665,0.0006399692788888404,0.04200121438315041,0.04856535726772294
2011-03-21 00:00:00-04:00,64.79692027690851,64.95134133950043,64.70189506772938,64.77316284179688,870400,0.0,0.0,0.0,-0.003199174939733651,-0.003204303240355965,0.053448548038434456,0.05057813623258813
2011-03-22 00:00:00-04:00,64.63655814208583,64.90976182736169,64.63655814208583,64.8919448852539,463300,0.0,0.0,0.0,0.0018338157077051331,0.0018321363204912072,0.05376777600600837,0.05015772454631954
2011-03-23 00:00:00-04:00,64.97508779987753,65.02260266207523,64.73751802015573,64.8503646850586,537800,0.0,0.0,0.0,-0.0006407605792805304,-0.0006409659540759118,0.029722574611748105,0.04993320845882563
2011-03-24 00:00:00-04:00,64.79097505276023,64.8206729772974,64.60686060817767,64.63655853271484,516800,0.0,0.0,0.0,-0.003296915189021421,-0.0033023619889564646,0.03632036816892371,0.05176756093517501
2011-03-25 00:00:00-04:00,64.66030631418916,64.78502942234695,64.47025140681542,64.54151916503906,420200,0.0,0.0,0.0,-0.001470365530486517,-0.0014714475786841198,0.033547466499020295,0.04953815240231724
2011-03-28 00:00:00-04:00,64.44053876116345,64.65435104950818,64.35739004139221,64.56526184082031,573000,0.0,0.0,0.0,0.00036786670175104064,0.00036779905538530055,0.030622021517220377,0.04861463250581421
2011-03-29 00:00:00-04:00,64.38116714855933,64.58309852080575,64.21486965817599,64.25050354003906,625000,0.0,0.0,0.0,-0.004875041033013394,-0.004886962807424926,0.03337542083839909,0.05156193495290048
2011-03-30 00:00:00-04:00,64.26236900262498,64.47024536132812,64.25643304417392,64.47024536132812,754700,0.0,0.0,0.0,0.0034200793640803973,0.0034142441933650907,0.051301423508990376,0.04949888686977112
2011-03-31 00:00:00-04:00,64.50588513466657,64.50588513466657,64.2089240593873,64.26237487792969,832900,0.0,0.0,0.0,-0.0032242855945935345,-0.003229494803723722,0.05111404723956254,0.048405950205908106
2011-04-01 00:00:00-04:00,64.25588128234041,64.6315404130135,64.11276914267691,64.56594848632812,2873600,0.429,0.0,0.0,0.00472397120360224,0.004712848267500631,0.06558504903660343,0.049409226367492946
2011-04-04 00:00:00-04:00,64.5778148751602,64.78055005473392,64.5778148751602,64.71495819091797,767300,0.0,0.0,0.0,0.002307868281705705,0.002305209244056104,0.06753395492773291,0.04879518535911003
2011-04-05 00:00:00-04:00,64.76266832725918,64.76266832725918,64.548004852489,64.75074005126953,1901800,0.0,0.0,0.0,0.0005529148337855005,0.0005527620327001872,0.04888565554427239,0.04833118805551705
2011-04-06 00:00:00-04:00,64.73288003563049,64.73884417619118,64.50629273669381,64.54206848144531,1253300,0.0,0.0,0.0,-0.0032226901137962782,-0.0032278941632814407,0.055259886904019964,0.04690875637951263
2011-04-07 00:00:00-04:00,64.57779318063183,64.60164062373175,64.39890551226569,64.44660949707031,641400,0.0,0.0,0.0,-0.0014790196010288081,-0.0014801144301679167,0.04947826908845986,0.04489200330052791
2011-04-08 00:00:00-04:00,64.39894968335751,64.53609759641463,64.3393219361044,64.41087341308594,572200,0.0,0.0,0.0,-0.0005545068121233232,-0.0005546606078821607,0.033075651353450204,0.04482304811546883
2011-04-11 00:00:00-04:00,64.3392858795789,64.50624529804372,64.3392858795789,64.41680145263672,667500,0.0,0.0,0.0,9.203476426655754e-05,9.203052932747984e-05,0.023735092853263223,0.044609301767978206
2011-04-12 00:00:00-04:00,64.6553410859129,64.74478496483766,64.54800934106412,64.64341735839844,625100,0.0,0.0,0.0,0.003517962715493317,0.0035117891593164133,0.03946598127942395,0.04646165216523876
2011-04-13 00:00:00-04:00,64.54198192340266,64.79838503197111,64.54198192340266,64.75664520263672,673700,0.0,0.0,0.0,0.0017515757808799215,0.0017500435609604573,0.03148234245367307,0.04145301417589323
2011-04-14 00:00:00-04:00,64.85216006211776,64.85216006211776,64.5540166326018,64.59575653076172,1076400,0.0,0.0,0.0,-0.002484512151170737,-0.002487603673162958,0.036246386315538816,0.04224018269962541
2011-04-15 00:00:00-04:00,64.83417934595006,64.99517456565871,64.83417934595006,64.935546875,662600,0.0,0.0,0.0,0.005260257987325545,0.005246471157332921,0.04765821798508737,0.04651602982715883
2011-04-18 00:00:00-04:00,64.88193526089765,65.09063918387119,64.73286362980521,65.0250473022461,822800,0.0,0.0,0.0,0.0013782963500466039,0.0013773473715146785,0.04588949316123854,0.045200161929213285
2011-04-19 00:00:00-04:00,65.10846870774492,65.25754020525378,65.04287688489694,65.1621322631836,467300,0.0,0.0,0.0,0.0021081870236911993,0.0021059679157435086,0.0437709666058398,0.045342135541863435
2011-04-20 00:00:00-04:00,65.23969771758478,65.25162144398412,65.12043770707011,65.1919937133789,515400,0.0,0.0,0.0,0.00045826385905711753,0.0004581588882431877,0.044451646884495974,0.04523580395174568
2011-04-21 00:00:00-04:00,65.22180891942764,65.41262039752401,65.15025745845682,65.25162506103516,624800,0.0,0.0,0.0,0.0009147035434815542,0.0009142854571259486,0.03030685806374278,0.04326271281584898
2011-04-25 00:00:00-04:00,65.2396993690018,65.35895483323095,65.1979549522868,65.31721496582031,687000,0.0,0.0,0.0,0.0010051842344738215,0.0010046793750906752,0.009793581641707289,0.042673056174677794
2011-04-26 00:00:00-04:00,65.36488888979002,65.63917997072961,65.35892475453201,65.62129211425781,953600,0.0,0.0,0.0,0.004655390597970488,0.004644587781738607,0.026869632837845693,0.045012265678295055
2011-04-27 00:00:00-04:00,65.50208439427755,65.59152829727135,65.40071676056063,65.5378646850586,716100,0.0,0.0,0.0,-0.0012713469441284486,-0.0012721557912775355,0.03432849887098166,0.040568178486974145
2011-04-28 00:00:00-04:00,65.56170721098003,65.76444701245738,65.5020794632416,65.7465591430664,508700,0.0,0.0,0.0,0.003184334109917808,0.003179274855448521,0.03625676080007094,0.04038954655447839
2011-04-29 00:00:00-04:00,65.70482848807545,65.87775216530507,65.68694061617346,65.87178802490234,756000,0.0,0.0,0.0,0.0019047214556648928,0.0019029097738877119,0.03558489335989577,0.03728624734629687
2011-05-02 00:00:00-04:00,65.87591613671725,66.10338243843623,65.82203977473242,66.02556610107422,1771000,0.427,0.0,0.0,0.0023345058754704606,0.002331785150172548,0.03473034713963579,0.03523334864261725
2011-05-03 00:00:00-04:00,66.04356324688221,66.08546507952666,65.89989590613793,65.99567413330078,661300,0.0,0.0,0.0,-0.00045273322954442197,-0.00045283574417534305,0.030268255878089748,0.03536210205395193
2011-05-04 00:00:00-04:00,66.12136555785773,66.19918192564707,66.03157463074311,66.09143829345703,720600,0.0,0.0,0.0,0.001451067231510006,0.0014500154508015658,0.021508001795703956,0.03536104461451505
2011-05-05 00:00:00-04:00,66.15129377626188,66.37277287516444,66.15129377626188,66.31890106201172,771600,0.0,0.0,0.0,0.0034416374409149686,0.0034357285603793977,0.022683909380712058,0.03253685452841974
2011-05-06 00:00:00-04:00,66.18122103902806,66.462563797375,66.09741739615313,66.31890106201172,857100,0.0,0.0,0.0,0.0,0.0,0.025629638585408735,0.031221705696626585
2011-05-09 00:00:00-04:00,66.3308968533304,66.44463237016528,66.28301230088847,66.38477325439453,485200,0.0,0.0,0.0,0.0009932642327896701,0.0009927712722712966,0.02412454608614774,0.030385968961522975
2011-05-10 00:00:00-04:00,66.32488536885506,66.34284263910119,66.08544444267665,66.11537170410156,974700,0.0,0.0,0.0,-0.004058182879688177,-0.00406643964972335,0.04400541725488381,0.03600934192347067
2011-05-11 00:00:00-04:00,66.11541915367255,66.30697111869674,66.03161545440942,66.2231674194336,538900,0.0,0.0,0.0,0.001630418351340035,0.0016290906622696874,0.0443015640018153,0.035081954744650326
2011-05-12 00:00:00-04:00,66.1872460241744,66.26506243204443,65.95379223360568,66.0675277709961,595000,0.0,0.0,0.0,-0.002350229602455234,-0.00235299572691565,0.037876946038617645,0.03719995866025438
2011-05-13 00:00:00-04:00,66.22912298755223,66.40271758631323,66.17525116394894,66.2650375366211,1062900,0.0,0.0,0.0,0.0029895134915538524,0.002985053782125994,0.046585651126782944,0.035421388701957886
2011-05-16 00:00:00-04:00,66.22911472174759,66.4925002272655,66.20517016970447,66.45658111572266,614900,0.0,0.0,0.0,0.002890567729561866,0.002886398071848434,0.051255455657197115,0.032789664302391205
2011-05-17 00:00:00-04:00,66.47457285605644,66.6541502267214,66.43865372835673,66.54640197753906,1227800,0.0,0.0,0.0,0.0013515721138286363,0.0013506595623993618,0.034433730173747595,0.032787445807042105
2011-05-18 00:00:00-04:00,66.58827805575483,66.66011171640127,66.36679892760233,66.37876892089844,477800,0.0,0.0,0.0,-0.0025190401232692006,-0.002522218243170113,0.043381497557558116,0.03504706726891586
2011-05-19 00:00:00-04:00,66.19918296752121,66.50447029773319,66.14531115057834,66.49250030517578,430800,0.0,0.0,0.0,0.0017133698941129705,0.001711903750374742,0.03562215128698909,0.035107223514610555
2011-05-20 00:00:00-04:00,66.42065841720496,66.49847477657494,66.3248847877462,66.4446029663086,585600,0.0,0.0,0.0,-0.0007203419731151017,-0.0007206015440549317,0.03414564870706518,0.035629851190709085
2011-05-23 00:00:00-04:00,66.61821401867205,66.65412856774309,66.38476031579651,66.40271759033203,1200000,0.0,0.0,0.0,-0.0006303804087414155,-0.000630579182010851,0.02737451928711115,0.036041718475258264
2011-05-24 00:00:00-04:00,66.36083622058487,66.55837543529302,66.33090437582607,66.48654174804688,590500,0.0,0.0,0.0,0.001262360348442293,0.0012615642415297337,0.027069604492860656,0.03315846292985965
2011-05-25 00:00:00-04:00,66.57629627797522,66.57629627797522,66.31291080251596,66.35481262207031,675300,0.0,0.0,0.0,-0.0019812900853792836,-0.0019832554369639656,0.024264621544929053,0.03379576979754952
2011-05-26 00:00:00-04:00,66.50444800420541,66.64811070151768,66.43261893902668,66.64212799072266,1042600,0.0,0.0,0.0,0.004329985381599677,0.00432063796795969,0.03901569114490785,0.035164872509714895
2011-05-27 00:00:00-04:00,66.51641663224636,66.71395111083984,66.51042935503008,66.71395111083984,510300,0.0,0.0,0.0,0.0010777434977344846,0.0010771631491515432,0.03767696262573997,0.03490412451974512
2011-05-31 00:00:00-04:00,66.70201290303658,66.7918038362435,66.62419652996742,66.70800018310547,1022400,0.0,0.0,0.0,-8.920064896900115e-05,-8.920462758348782e-05,0.03655108797212624,0.034398009964965184
2011-06-01 00:00:00-04:00,66.92732537067126,67.23979166619421,66.885263129094,67.04149627685547,1467600,0.425,0.0,0.0,0.004999341800602464,0.004986886586050942,0.04691546708408093,0.03765083043936812
2011-06-02 00:00:00-04:00,66.8492253466213,66.8492253466213,66.42259263836235,66.43460845947266,1448900,0.0,0.0,0.0,-0.009052420531853844,-0.009093642652488843,0.0892853663970663,0.0512174185161519
2011-06-03 00:00:00-04:00,66.71696067222116,66.84314729578237,66.41651502056966,66.5787582397461,684700,0.0,0.0,0.0,0.0021697995008336246,0.002167448885525221,0.08424606819699919,0.05036267110123034
2011-06-06 00:00:00-04:00,66.41656531541507,66.56678825499918,66.36849287448248,66.46463775634766,445500,0.0,0.0,0.0,-0.0017140674655946597,-0.0017155381600529186,0.08395334588111708,0.05081856881168063
2011-06-07 00:00:00-04:00,66.41656063664887,66.71700649465194,66.38050860070929,66.6929702758789,405200,0.0,0.0,0.0,0.0034353985403230425,0.0034295110388470975,0.0892305899240683,0.05210174322855339
2011-06-08 00:00:00-04:00,66.71698985566647,66.84317653442444,66.6448858017698,66.73501586914062,450600,0.0,0.0,0.0,0.0006304351581252199,0.0006302365173632818,0.07844884705682309,0.04957228402921695
2011-06-09 00:00:00-04:00,66.78911118250811,66.84919943365041,66.434582707221,66.55476379394531,1355700,0.0,0.0,0.0,-0.0027010119477421934,-0.0027046662622277518,0.04084259074711268,0.050602473512937424
2011-06-10 00:00:00-04:00,66.59084788215388,66.69299841671132,66.41658866085135,66.47667694091797,1379300,0.0,0.0,0.0,-0.0011732721833270787,-0.0011739610059721738,0.03835086927244441,0.04996739304786007
2011-06-13 00:00:00-04:00,66.45259934584936,66.62085284351825,66.38650548802825,66.54874420166016,908900,0.0,0.0,0.0,0.0010840984245683583,0.0010835112142288334,0.03699242209615621,0.04906351162825601
2011-06-14 00:00:00-04:00,66.35047149658203,66.42859036467212,66.28437303178609,66.35047149658203,690200,0.0,0.0,0.0,-0.002979360579326684,-0.0029838077093232752,0.02952748915075236,0.049246968128395664
2011-06-15 00:00:00-04:00,66.30837359259239,66.72900037729819,66.27833176939507,66.71697998046875,1024100,0.0,0.0,0.0,0.005523826366563123,0.005508625988175189,0.055687896956325894,0.05293884133986415
2011-06-16 00:00:00-04:00,66.69898100561643,66.75305905995465,66.53674225816178,66.5908203125,1002000,0.0,0.0,0.0,-0.0018909679066061447,-0.0018927580435016394,0.053512134542468615,0.05256712059442899
2011-06-17 00:00:00-04:00,66.56678046996296,66.72902379302587,66.55476465335522,66.61485290527344,556100,0.0,0.0,0.0,0.0003608994852541958,0.0003608343766995923,0.0522834259298136,0.05225695838066223
2011-06-20 00:00:00-04:00,66.69296001761467,66.69897021749348,66.47063305093083,66.62686157226562,619400,0.0,0.0,0.0,0.0001802701119713035,0.0001802538652671692,0.051952529378092256,0.05216782025472675
2011-06-21 00:00:00-04:00,66.60884094238281,66.7350276434043,66.48866444172606,66.60884094238281,692800,0.0,0.0,0.0,-0.0002704709400617178,-0.00027050752392315634,0.04438959628080726,0.0521127488574806
2011-06-22 00:00:00-04:00,66.75303738736673,66.75904758626633,66.51869005910625,66.69895935058594,703200,0.0,0.0,0.0,0.0013529496524504747,0.0013520352407451856,0.018829603420125067,0.05213914762420406
2011-06-23 00:00:00-04:00,66.73505334307237,66.95738499779087,66.69900129587963,66.87326049804688,796100,0.0,0.0,0.0,0.0026132513784025146,0.0026098427740877,0.01828187892559757,0.0521817698585627
2011-06-24 00:00:00-04:00,66.8852274021432,67.03545026816863,66.81312336049135,66.90926361083984,716900,0.0,0.0,0.0,0.0005383783073358295,0.0005382334337304634,0.01802597559006906,0.05008236801518237
2011-06-27 00:00:00-04:00,66.93332787916935,66.95135389713914,66.64490242277279,66.6929702758789,995100,0.0,0.0,0.0,-0.0032326366079733493,-0.003237872865349649,0.034844374404567016,0.051405549370413854
2011-06-28 00:00:00-04:00,66.54277031573827,66.59084276987772,66.17622587569755,66.23030853271484,863400,0.0,0.0,0.0,-0.00693718905081353,-0.006961363212133671,0.06204523269423096,0.0569882418021814
2011-06-29 00:00:00-04:00,66.21222155420192,66.30235159218866,65.97787428656177,66.08002471923828,1041200,0.0,0.0,0.0,-0.0022691093670857976,-0.0022716876968255574,0.05810564014929652,0.05367808238381124
2011-06-30 00:00:00-04:00,66.20022945251965,66.22426566773461,65.83969539317377,66.17619323730469,1004100,0.0,0.0,0.0,0.0014553341720890955,0.0014542761996574343,0.05283535053120047,0.044148249518171194
2011-07-01 00:00:00-04:00,66.33062345654774,66.33062345654774,65.9867853750406,66.17981719970703,1495800,0.426,0.0,0.0,5.4762328037583075e-05,5.476082863603726e-05,0.05141262898668508,0.04327784944905198
2011-07-05 00:00:00-04:00,66.1858761560363,66.5840024338229,66.1858761560363,66.41510009765625,1116100,0.0,0.0,0.0,0.0035552062230577164,0.003548901416253584,0.06379714084244638,0.04499704384135822
2011-07-06 00:00:00-04:00,66.46336355140696,66.55987720596909,66.3608163552335,66.55384826660156,1343800,0.0,0.0,0.0,0.0020891057717491446,0.0020869266247376546,0.03505039435674537,0.04385990158739611
2011-07-07 00:00:00-04:00,66.39700168993733,66.61416314355924,66.35477610741324,66.57193756103516,1463800,0.0,0.0,0.0,0.00027179937606502946,0.00027176244530630137,0.022685850510986448,0.04379903380877069
2011-07-08 00:00:00-04:00,66.8373829205353,67.04851091143894,66.6624469845737,67.00025177001953,1044300,0.0,0.0,0.0,0.006433855235048247,0.00641324633766481,0.041774214024483385,0.04841531561229523
2011-07-11 00:00:00-04:00,67.17515244397165,67.25960359600248,66.9579910238231,67.2234115600586,1397100,0.0,0.0,0.0,0.0033307306188201657,0.0033251960216889725,0.03584013876758823,0.04918418346288793
2011-07-12 00:00:00-04:00,67.41041260502132,67.41041260502132,67.16308807676751,67.27770233154297,694400,0.0,0.0,0.0,0.0008076170224695645,0.0008072910753239095,0.03898612860517453,0.049155132532066395
2011-07-13 00:00:00-04:00,67.35613701620291,67.47074668994924,67.20533069610813,67.44661712646484,1014400,0.0,0.0,0.0,0.0025107099242103192,0.002507563357691946,0.038761420630937383,0.04777135219875525
2011-07-14 00:00:00-04:00,67.31989509403785,67.35005817866816,67.000186646815,67.03034973144531,761200,0.0,0.0,0.0,-0.006171805388534346,-0.006190929707733025,0.07445070986893196,0.050472950563344686
2011-07-15 00:00:00-04:00,67.00020587669242,67.18720416879758,66.93988429235932,67.1811752319336,531400,0.0,0.0,0.0,0.0022501076168117695,0.0022475799156910503,0.06133609914651468,0.050295164213321794
2011-07-18 00:00:00-04:00,67.1450196824493,67.16311570859716,66.84944051679669,66.92182922363281,1163600,0.0,0.0,0.0,-0.003860397014571748,-0.0038678675795558197,0.0620060065805739,0.05257069080361461
2011-07-19 00:00:00-04:00,66.94592315766283,67.30182375511278,66.91576006197559,67.2475357055664,1230200,0.0,0.0,0.0,0.004866969204400773,0.004855163798651318,0.074464461196693,0.0550782986731892
2011-07-20 00:00:00-04:00,67.21136435401947,67.31391155434498,67.03039951854691,67.0907211303711,1019800,0.0,0.0,0.0,-0.002331900694203859,-0.0023346238088065665,0.07173263295102765,0.05592515990521824
2011-07-21 00:00:00-04:00,66.98812866210938,67.11480534201026,66.86748091774601,66.98812866210938,931400,0.0,0.0,0.0,-0.0015291603150658917,-0.0015303306739635606,0.05688086454737099,0.05618595629071144
2011-07-22 00:00:00-04:00,67.15707347047466,67.27771668906863,67.06658875540728,67.2596206665039,1121000,0.0,0.0,0.0,0.004052837567144918,0.004044646943691652,0.06275172622718071,0.05722130549722826
2011-07-25 00:00:00-04:00,66.97004649320452,67.22340452502527,66.8494033178553,66.93988800048828,1166900,0.0,0.0,0.0,-0.0047537090284967,-0.004765043839121162,0.06662950672132174,0.0599406928191316
2011-07-26 00:00:00-04:00,67.01226346580137,67.36816861122351,67.01226346580137,67.23545837402344,900200,0.0,0.0,0.0,0.004415459636457619,0.004405740094883255,0.06462471351411071,0.06056453453020043
2011-07-27 00:00:00-04:00,67.1510293612957,67.2173845017532,66.95196393992322,67.03641510009766,762400,0.0,0.0,0.0,-0.00296039141755422,-0.002964782043682498,0.06617102550888022,0.05560629428255834
2011-07-28 00:00:00-04:00,67.23546327716082,67.27768884641817,67.13291612357035,67.1811752319336,890200,0.0,0.0,0.0,0.0021594253156256293,0.0021570971079034203,0.06652570545109865,0.05477999195824677
2011-07-29 00:00:00-04:00,67.3802518240739,67.82664177790438,67.28373818692336,67.78441619873047,1680200,0.0,0.0,0.0,0.008979315481074446,0.008939241142586905,0.08833409139642318,0.06195546001757721
2011-08-01 00:00:00-04:00,67.96058958098759,68.31783315043677,67.8939849259979,67.98480987548828,2151200,0.421,0.0,0.0,0.002956338462373198,0.0029519770875069797,0.06824651305037929,0.06209474331745653
2011-08-02 00:00:00-04:00,68.17252926111203,68.56610106574877,68.02721207554849,68.55399322509766,1427300,0.0,0.0,0.0,0.008372213596711031,0.008337361010205291,0.07808628240758109,0.06655401510607899
2011-08-03 00:00:00-04:00,68.64485337755283,68.8507191109742,68.51164396437316,68.5298080444336,2093400,0.0,0.0,0.0,-0.00035279025372969564,-0.0003528524988513376,0.06469681812744442,0.0668769633269385
2011-08-04 00:00:00-04:00,68.66906696069462,69.12923900896618,68.59640602802187,69.02630615234375,2160900,0.0,0.0,0.0,0.007244994872716237,0.007218875975674228,0.06355140229745988,0.06973619725965048
2011-08-05 00:00:00-04:00,68.941510687509,68.97783883000717,68.04537800963591,68.17253112792969,2470900,0.0,0.0,0.0,-0.012368835477444606,-0.012445966194329717,0.1322422264337101,0.08376771853090074
2011-08-08 00:00:00-04:00,68.09986462503345,68.09986462503345,67.51859133452768,67.52464294433594,2548400,0.0,0.0,0.0,-0.00950365451999946,-0.009549102421261146,0.1500293410191808,0.09087614629510055
2011-08-09 00:00:00-04:00,67.62153734509444,68.80830445581118,67.54282482626617,68.1301498413086,2109000,0.0,0.0,0.0,0.008967198796916431,0.00892723221760061,0.15249056804887853,0.09602293408901845
2011-08-10 00:00:00-04:00,68.52980016467536,68.86887527228853,68.29365791193736,68.7417221069336,1264900,0.0,0.0,0.0,0.00897652899706669,0.008936479452815166,0.1692305070367838,0.10033343247766369
2011-08-11 00:00:00-04:00,67.9364343301648,68.60248151774844,67.09479792354901,67.33094024658203,1858300,0.0,0.0,0.0,-0.020522934501945866,-0.02073645637084431,0.21088463874350627,0.12401917949149222
2011-08-12 00:00:00-04:00,67.67607353835633,68.19679883402802,67.5247000133251,68.09992218017578,1962400,0.0,0.0,0.0,0.011420929676275948,0.011356203216960957,0.2248988401852988,0.13010122446784764
2011-08-15 00:00:00-04:00,68.13619529812338,68.30573277005409,67.99693435455872,68.22702026367188,1884300,0.0,0.0,0.0,0.0018663469711437397,0.0018646075095916483,0.2089726722862296,0.1290156996892146
2011-08-16 00:00:00-04:00,68.13012676243044,68.60846718300519,68.06352672724424,68.47525787353516,1692300,0.0,0.0,0.0,0.003638406146185824,0.003631803157932157,0.20129046135756548,0.12860005494435645
2011-08-17 00:00:00-04:00,68.65087429437855,68.86280078579493,68.40868050913184,68.6629867553711,1050200,0.0,0.0,0.0,0.002741557865800992,0.0027378066505868584,0.19044769263262887,0.12815014143343562
2011-08-18 00:00:00-04:00,68.98390065098471,69.02628502718429,68.5479444274744,68.75381469726562,1358100,0.0,0.0,0.0,0.0013228079084024458,0.001321933768815435,0.0656005358352415,0.12774675289440188
2011-08-19 00:00:00-04:00,68.69330597055529,68.79018724700612,68.52982459098641,68.6690902709961,1749300,0.0,0.0,0.0,-0.001232286915898273,-0.001233046805752185,0.029276728883355932,0.1276315784991666
2011-08-22 00:00:00-04:00,68.75379817559542,68.81434660996628,68.36628265216267,68.41471862792969,1464200,0.0,0.0,0.0,-0.0037043106594619735,-0.0037111886088206005,0.04776490375658014,0.12704970985442912
2011-08-23 00:00:00-04:00,68.09377451934938,68.11799480518133,67.48222500584743,67.63359832763672,2340100,0.0,0.0,0.0,-0.011417430575736964,-0.011483109840416133,0.08861934933995644,0.13385249482165684
2011-08-24 00:00:00-04:00,67.50046627829958,67.58523506010245,66.72543015680571,66.83441925048828,1513600,0.0,0.0,0.0,-0.01181630279786361,-0.011886670174557976,0.09485437001468307,0.1402762964854867
2011-08-25 00:00:00-04:00,67.15529937299236,67.31878061720967,67.00997757863287,67.2037353515625,1480200,0.0,0.0,0.0,0.005525836914809679,0.005510625489513486,0.11589571290790764,0.1415033978801393
2011-08-26 00:00:00-04:00,67.29458776921471,67.58522685694261,67.14321430300369,67.23403930664062,1134400,0.0,0.0,0.0,0.00045092664744883493,0.00045082501058084547,0.11947289057112613,0.13755240905831626
2011-08-29 00:00:00-04:00,67.17954372175095,67.49440312434817,67.1189952580366,67.45201873779297,1186200,0.0,0.0,0.0,0.0032420992907802315,0.003236855018784465,0.1308922315594355,0.13764781674759582
2011-08-30 00:00:00-04:00,67.67603288739402,67.91217969458552,67.60943282637403,67.80924224853516,1420000,0.0,0.0,0.0,0.005295964708348144,0.005281990403821318,0.11432546336813139,0.13547622035895568
2011-08-31 00:00:00-04:00,68.08774721119,68.26334089338928,67.9363738251095,68.01509094238281,1332700,0.0,0.0,0.0,0.003035702612531388,0.0030311041713383512,0.03263739261169021,0.1360614596934075
2011-09-01 00:00:00-04:00,68.29647912682154,68.40587036534895,67.77991119245209,68.06554412841797,2821200,0.413,0.0,0.0,0.0007417939950693508,0.0007415190018875811,0.031680377718986526,0.13317966810572648
2011-09-02 00:00:00-04:00,68.55168317844354,68.67322685806795,68.21743110458519,68.48483276367188,1386300,0.0,0.0,0.0,0.0061600717458871745,0.006141176063398794,0.03367574378386645,0.1277151432338858
2011-09-06 00:00:00-04:00,68.57602847670597,69.25668553746668,68.37548175121307,68.88597106933594,4665100,0.0,0.0,0.0,0.0058573305865885494,0.005840243117955709,0.036462063870135356,0.12371770857380972
2011-09-07 00:00:00-04:00,69.01971435546875,69.1716464558054,68.83132003476322,69.01971435546875,826700,0.0,0.0,0.0,0.0019415170325203235,0.0019396347242884241,0.03796128281970548,0.12020119232653724
2011-09-08 00:00:00-04:00,69.12298498000422,69.12298498000422,68.76442766711313,68.95890045166016,1397100,0.0,0.0,0.0,-0.0008811091783919034,-0.0008814975832521782,0.04966629300877436,0.11619934347350457
2011-09-09 00:00:00-04:00,68.9163494193199,69.2202133897432,68.72187666371285,69.03181457519531,1029500,0.0,0.0,0.0,0.0010573562376661183,0.001056797630289439,0.04890151329464355,0.08670063976432021
2011-09-12 00:00:00-04:00,68.70364027499825,68.98926849045293,68.56386081926861,68.61248016357422,1749500,0.0,0.0,0.0,-0.006074509473661838,-0.0060930343641824826,0.06926334762886625,0.08160425287283628
2011-09-13 00:00:00-04:00,68.48488423482449,68.66112594835369,68.36941440678179,68.60034942626953,1536800,0.0,0.0,0.0,-0.000176800740561589,-0.0001768163716549403,0.0496808233503838,0.08143529729596731
2011-09-14 00:00:00-04:00,68.47883188398504,68.74015526460667,68.47883188398504,68.56999206542969,954900,0.0,0.0,0.0,-0.0004425248718663566,-0.0004426228148933495,0.043853106721167316,0.08048963625419778
2011-09-15 00:00:00-04:00,68.32077436317874,68.44839667504864,68.21746172546449,68.33293151855469,1326900,0.0,0.0,0.0,-0.00345720540041472,-0.003463195344634815,0.04604839091858027,0.0807794472399231
2011-09-16 00:00:00-04:00,68.24784997730809,68.56386646813885,68.24784997730809,68.33293151855469,1528700,0.0,0.0,0.0,0.0,0.0,0.04235125372421538,0.08057872405674352
2011-09-19 00:00:00-04:00,68.67330035764896,68.79484416735913,68.62468097912524,68.70976257324219,903300,0.0,0.0,0.0,0.005514633227540866,0.005499483309696354,0.051547504332726056,0.08305836883713283
2011-09-20 00:00:00-04:00,68.73400321175072,68.86770405007441,68.67323136794754,68.74008178710938,889200,0.0,0.0,0.0,0.00044126500706309635,0.00044116767829066887,0.05138317693938298,0.08187302369902037
2011-09-21 00:00:00-04:00,68.74013695303591,69.00753884428096,68.52135443048964,68.89814758300781,1006500,0.0,0.0,0.0,0.002299470582359353,0.0022968308457697244,0.05219385989949958,0.06948850171077194
2011-09-22 00:00:00-04:00,69.08651250090155,69.16551546403696,68.61248544889662,69.03181457519531,1304000,0.0,0.0,0.0,0.0019400665602287148,0.001938187061608668,0.034477239456928044,0.0505938676941216
2011-09-23 00:00:00-04:00,68.94673333015045,68.98927410072834,68.60640716552734,68.60640716552734,686500,0.0,0.0,0.0,-0.006162483375032557,-0.006181549847277457,0.06845419237722958,0.055418667452561424
2011-09-26 00:00:00-04:00,68.49092754143642,68.68540026996322,68.33899557738124,68.47877502441406,811500,0.0,0.0,0.0,-0.0018603530834276905,-0.0018620856893979034,0.05524774294962686,0.0563436210196571
2011-09-27 00:00:00-04:00,68.15667426336621,68.39976631270414,68.08982383388341,68.2599868774414,1298700,0.0,0.0,0.0,-0.0031949775225192933,-0.0032000923606381433,0.05665951332444284,0.05745268403093944
2011-09-28 00:00:00-04:00,68.17492066742442,68.17492066742442,67.85890417792595,67.98652648925781,1238500,0.0,0.0,0.0,-0.004006159401621079,-0.004014205554834453,0.047733018892339885,0.05685756575030001
2011-09-29 00:00:00-04:00,68.12629330473571,68.22960592986041,67.91358947753906,67.91358947753906,864500,0.0,0.0,0.0,-0.0010728156810639877,-0.001073391559718033,0.03147816862637299,0.0559421159981324
2011-09-30 00:00:00-04:00,68.26609392524273,68.32686580377433,68.00477067461942,68.25393676757812,1483800,0.0,0.0,0.0,0.005011475503759355,0.004998959857550358,0.05653601314061379,0.058745420302533796
2011-10-03 00:00:00-04:00,68.3320278619527,68.43573114080448,68.13073190000071,68.38082885742188,3575400,0.418,0.0,0.0,0.0018591175227862244,0.0018573915027227906,0.059176712409543974,0.05475233942428965
2011-10-04 00:00:00-04:00,68.40520860491314,68.41130989097577,67.55731134499591,67.78301239013672,1753300,0.0,0.0,0.0,-0.008742457166344697,-0.008780896645985067,0.08420194803813183,0.05820565732289785
2011-10-05 00:00:00-04:00,67.86843743724405,68.07583470260423,67.52073846290772,68.06363677978516,4530500,0.0,0.0,0.0,0.00414004010375435,0.004131493717857468,0.08803085577693802,0.06007246777313081
2011-10-06 00:00:00-04:00,68.10023936492163,68.21003929268271,67.75864165807373,67.78913879394531,1410900,0.0,0.0,0.0,-0.0040329608999289945,-0.004041115218154338,0.09316847746713032,0.061235746609164254
2011-10-07 00:00:00-04:00,67.80127455112215,68.0086716247635,67.67927216611389,67.72807312011719,2117800,0.0,0.0,0.0,-0.0009008179616168954,-0.0009012239419447733,0.08028623472184551,0.0608207279254476
2011-10-10 00:00:00-04:00,67.72811733321831,67.92941790945514,67.49631963125712,67.85621643066406,953700,0.0,0.0,0.0,0.001892026520813772,0.0018902388931069036,0.08037418500748018,0.058438312028621174
2011-10-11 00:00:00-04:00,68.0392074584961,68.16730653647038,67.79520722019952,68.0392074584961,2097300,0.0,0.0,0.0,0.002696746701446484,0.002693117004178977,0.051554238379881226,0.059559549677179614
2011-10-12 00:00:00-04:00,68.03920759999632,68.24660477793338,67.83790705393918,68.14290618896484,1613100,0.0,0.0,0.0,0.001524102562952434,0.001522942297400759,0.04345477157814641,0.05995045312406424
2011-10-13 00:00:00-04:00,68.30760643825911,68.32590564122758,68.11240718339981,68.20390319824219,1494400,0.0,0.0,0.0,0.0008951336637770257,0.0008947332705581634,0.02148677159404962,0.058897156562623044
2011-10-14 00:00:00-04:00,67.79524899739418,68.27104719561713,67.75865056796789,68.16124725341797,1051900,0.0,0.0,0.0,-0.0006254179427273021,-0.0006256135981106894,0.019795474330742958,0.058926602323021444
2011-10-17 00:00:00-04:00,68.28929925899617,68.28929925899617,68.0941000136336,68.1124038696289,979000,0.0,0.0,0.0,-0.0007165858278307402,-0.000716842698175494,0.02307633531317576,0.05504863176593739
2011-10-18 00:00:00-04:00,68.2283012113435,68.49060063684855,68.19780409214167,68.35030364990234,835100,0.0,0.0,0.0,0.0034927526670294196,0.0034866671724012427,0.027554007706511213,0.05672975505021923
2011-10-19 00:00:00-04:00,68.49060801234822,68.6248083822559,68.31980923389033,68.52720642089844,1839700,0.0,0.0,0.0,0.0025881782749965776,0.002584834709524752,0.029968118204348294,0.056912705866433745
2011-10-20 00:00:00-04:00,68.50278452728868,68.71628291915023,68.36248292468487,68.67967987060547,937600,0.0,0.0,0.0,0.002225006062125612,0.0022225344017645647,0.03079614592845692,0.05706782414850257
2011-10-21 00:00:00-04:00,68.7162975567282,68.94199391023737,68.71019627168509,68.9053955078125,850600,0.0,0.0,0.0,0.0032864980971414326,0.003281109365745924,0.026924009433646978,0.05384832005607765
2011-10-24 00:00:00-04:00,69.06401701403848,69.25921630859375,69.05181444029975,69.25921630859375,1341200,0.0,0.0,0.0,0.005134878018966393,0.005121739490133629,0.01784749591889769,0.055943114127787505
2011-10-25 00:00:00-04:00,69.22262638696422,69.66182136315223,69.19212460279391,69.60082244873047,1546300,0.0,0.0,0.0,0.004932284226472516,0.004920160361848603,0.021205899612453394,0.05612160815398732
2011-10-26 00:00:00-04:00,69.67401968723247,69.72891731068682,69.39951760820497,69.55201721191406,1035800,0.0,0.0,0.0,-0.00070121638077425,-0.0007014623479714565,0.03779176764449352,0.05338742372429379
2011-10-27 00:00:00-04:00,69.52149572046964,69.93019339824586,69.47879603255149,69.539794921875,2364200,0.0,0.0,0.0,-0.00017572876429772233,-0.00017574420640613137,0.04411026329872851,0.05298676903221161
2011-10-28 00:00:00-04:00,69.69234157206591,69.97904166495458,69.56424242173865,69.80824279785156,2102500,0.0,0.0,0.0,0.0038603489739674757,0.003852916947537096,0.044939035644096924,0.05203439893498518
2011-10-31 00:00:00-04:00,69.93019084413146,70.11928879030289,69.75329081381246,69.96678924560547,1548300,0.0,0.0,0.0,0.00227117087323081,0.002268595663087538,0.039010698782947925,0.05213127653990094
2011-11-01 00:00:00-04:00,70.21291804994392,70.39044037826201,70.00479132243957,70.31698608398438,1530900,0.402,0.0,0.0,0.005005186634327474,0.0049927023278986266,0.03935345334925328,0.03860976421327403
2011-11-02 00:00:00-04:00,70.23736998508372,70.5924144678994,70.15167023685731,70.57405090332031,1871200,0.0,0.0,0.0,0.0036557997384716323,0.003649133544514504,0.031528107728807646,0.038263805318213884
2011-11-03 00:00:00-04:00,70.50062321957846,70.72099543276529,70.31086007444627,70.61080932617188,1868200,0.0,0.0,0.0,0.0005208489860093479,0.0005207133912571175,0.02732167267616617,0.031921052718556615
2011-11-04 00:00:00-04:00,70.5801569406051,70.81276982068628,70.4087528144409,70.75155639648438,1489300,0.0,0.0,0.0,0.0019932793810979454,0.001991295435686591,0.02710186845479122,0.029974788612505014
2011-11-07 00:00:00-05:00,70.64137015850372,70.81276961388245,70.43936165597098,70.469970703125,757000,0.0,0.0,0.0,-0.00397992224766619,-0.003987863214839029,0.05507495352608302,0.03713485858221635
2011-11-08 00:00:00-05:00,70.46389934153092,70.54347638375965,70.01091406910348,70.035400390625,4358700,0.0,0.0,0.0,-0.006166744617090214,-0.006185837521189732,0.06560367163327414,0.04669232536936531
2011-11-09 00:00:00-05:00,70.16392499662844,70.32307902419818,69.82112128814656,69.85173034667969,1252300,0.0,0.0,0.0,-0.002622531504366199,-0.002625976364265739,0.05262426052753496,0.048875179376952606
2011-11-10 00:00:00-05:00,69.64973611256,69.70483149520852,69.20899173252211,69.50282287597656,1487800,0.0,0.0,0.0,-0.004994972479156479,-0.005007489051542198,0.050152455195309316,0.05366911824310914
2011-11-11 00:00:00-05:00,69.52116621261773,69.52728895786055,69.16000363815661,69.38037109375,1114200,0.0,0.0,0.0,-0.0017618245872554894,-0.001763378425522132,0.02811521463171762,0.05425966424517315
2011-11-14 00:00:00-05:00,69.4232402097729,69.54566711860544,69.29468588412537,69.374267578125,821400,0.0,0.0,0.0,-8.797179272435063e-05,-8.797566246946214e-05,0.038951828565944556,0.054057947277163086
2011-11-15 00:00:00-05:00,69.33143212170108,69.50895444565383,69.1783961186682,69.30694580078125,1425200,0.0,0.0,0.0,-0.0009704142428305085,-0.0009708853995679873,0.029795602378750962,0.05356403662331353
2011-11-16 00:00:00-05:00,69.39874248915365,69.39874248915365,69.01921166168428,69.0865478515625,2641800,0.0,0.0,0.0,-0.003180026859822549,-0.0031850938902840006,0.030676086045106323,0.054767872763520055
2011-11-17 00:00:00-05:00,69.00700940809081,69.12943636522697,68.49892866242656,68.54177856445312,4230700,0.0,0.0,0.0,-0.007885316375625728,-0.007916569887098228,0.048788313764434016,0.061654667703533894
2011-11-18 00:00:00-05:00,68.54175330316113,68.68254378495,68.42544446754546,68.65193939208984,1280400,0.0,0.0,0.0,0.001607207019484136,0.001605916844482952,0.058166531139556686,0.06071470144432548
2011-11-21 00:00:00-05:00,68.6335834213602,68.6335834213602,68.30302511797498,68.370361328125,1355300,0.0,0.0,0.0,-0.0041015310923216974,-0.00410996544136883,0.05635646300423667,0.058819004137491235
2011-11-22 00:00:00-05:00,68.2600851447246,68.38863464801405,68.1927490234375,68.1927490234375,1391700,0.0,0.0,0.0,-0.0025977967826599224,-0.0026011769119168955,0.053968818565837025,0.055328684768240634
2011-11-23 00:00:00-05:00,68.0703775089091,68.0703775089091,67.73370127639207,67.84388732910156,1796600,0.0,0.0,0.0,-0.005115818020711149,-0.005128948619367676,0.05557826569378988,0.057183956303569476
2011-11-25 00:00:00-05:00,67.7092344726695,67.8439068725851,67.53783493469952,67.5745620727539,660100,0.0,0.0,0.0,-0.003969779252789518,-0.0039776797421783245,0.04191247597656508,0.05783284156519786
2011-11-28 00:00:00-05:00,67.4153958181566,67.8316537939414,67.21950998662768,67.60516357421875,2416000,0.0,0.0,0.0,0.00045285534269390304,0.0004527528346595729,0.03431653339884551,0.05489179199799419
2011-11-29 00:00:00-05:00,67.5745447956598,67.59903110486458,67.29295924523382,67.45211791992188,1460500,0.0,0.0,0.0,-0.0022638160490338066,-0.002266382354412822,0.033288911538241914,0.05298098463088731
2011-11-30 00:00:00-05:00,67.82548433477383,67.88669773507341,67.6051123574689,67.75814819335938,1759300,0.0,0.0,0.0,0.00453700021400083,0.004526739053415649,0.06135669707507618,0.05220099195229949
2011-12-01 00:00:00-05:00,67.75577052788792,67.96462558874978,67.63905464879932,67.91548156738281,1661300,0.386,0.0,0.0,0.002321984561538759,0.002319292921213027,0.054318050432265445,0.05052404538603403
2011-12-02 00:00:00-05:00,68.09357980985952,68.52358268068231,67.92158053618189,68.49286651611328,1882200,0.0,0.0,0.0,0.008501521823969016,0.008465587408481223,0.06490313403601981,0.06221321486376139
2011-12-05 00:00:00-05:00,68.49288051103697,69.00273895263672,68.46216434019182,69.00273895263672,1826300,0.0,0.0,0.0,0.007444168458090372,0.0074165973806910885,0.06846634293175496,0.06893486534673525
2011-12-06 00:00:00-05:00,68.83685072403965,69.02728246876701,68.59727968751825,68.63414001464844,1166900,0.0,0.0,0.0,-0.005341801551403402,-0.005356119986901459,0.08738622954705039,0.06981622730621374
2011-12-07 00:00:00-05:00,68.89828524562691,69.08871230982159,68.79385311648116,69.06414031982422,1560000,0.0,0.0,0.0,0.006265108080089732,0.006245563879006448,0.08952251320183663,0.07224929441183608
2011-12-08 00:00:00-05:00,68.98430572186828,69.00887303266467,68.77544608706455,68.83073425292969,1110300,0.0,0.0,0.0,-0.003379555089134012,-0.0033852786845432266,0.1036431305120612,0.07256738287580017
2011-12-09 00:00:00-05:00,69.03344323452608,69.07030357302052,68.49287336510903,68.56658935546875,1018000,0.0,0.0,0.0,-0.0038376010415680506,-0.003844983525850658,0.09691448637875279,0.0717763414388981
2011-12-12 00:00:00-05:00,68.7447120554415,68.77542352717758,68.47442485904848,68.57270812988281,574500,0.0,0.0,0.0,8.923842459696019e-05,8.923444308561535e-05,0.07371120552362559,0.07170296912599304
2011-12-13 00:00:00-05:00,68.6034445160788,68.9781592627897,68.58501669027812,68.80615997314453,1206100,0.0,0.0,0.0,0.0034044425198949124,0.003398660524723129,0.06906157458908407,0.07307648973507413
2011-12-14 00:00:00-05:00,68.89215534240365,68.97815498188896,68.73858388809006,68.92286682128906,1085400,0.0,0.0,0.0,0.0016961686016205846,0.0016947317322104237,0.05007505262850961,0.07341314713360936
2011-12-15 00:00:00-05:00,68.92291370281559,69.10720144799639,68.91677421483972,69.03348541259766,912600,0.0,0.0,0.0,0.0016049621324576435,0.001603675557153469,0.043495316210276566,0.0728582249059154
2011-12-16 00:00:00-05:00,69.10717638348343,69.44503556489926,69.0764602082164,69.42046356201172,1464900,0.0,0.0,0.0,0.005605658574258321,0.005590005340775917,0.0334121240782049,0.06920900156609915
2011-12-19 00:00:00-05:00,69.49414899795902,69.71529225494227,69.33443806862668,69.66615295410156,1061800,0.0,0.0,0.0,0.003539149401823982,0.0035329013500991673,0.026018204291686765,0.06990112107337243
2011-12-20 00:00:00-05:00,69.61087548228633,69.7705911227647,69.53715948976648,69.61701965332031,1127900,0.0,0.0,0.0,-0.0007052678911898536,-0.0007055167095849868,0.0375077119881877,0.0677870322385201
2011-12-21 00:00:00-05:00,69.64775256720608,69.68461291812332,69.32218170166016,69.32218170166016,1159500,0.0,0.0,0.0,-0.004235141824921462,-0.0042441354398654145,0.060557130727599016,0.06914712306862963
2011-12-22 00:00:00-05:00,69.5310141148549,69.721441221112,69.48187012400503,69.68458557128906,1762800,0.0,0.0,0.0,0.005227819735803552,0.005214202125863166,0.06731220361195374,0.06706578195399951
2011-12-23 00:00:00-05:00,69.6293125244102,69.6293125244102,69.38359720345214,69.46959686279297,830600,0.0,0.0,0.0,-0.00308516878924614,-0.0030899377336668053,0.06530669181247417,0.06620346158241883
2011-12-27 00:00:00-05:00,69.54230814720385,69.739556130227,69.30191231485571,69.73339080810547,872900,0.388,0.0,0.0,0.003797257465499859,0.003790066082642582,0.06617097736641622,0.06663712244462962
2011-12-28 00:00:00-05:00,69.82589434236958,69.96150329503153,69.68412476659806,69.86287689208984,501500,0.0,0.0,0.0,0.0018568734788861896,0.0018551516205138215,0.06646230056570415,0.06508887909067766
2011-12-29 00:00:00-05:00,69.95532556183629,69.9614908866181,69.66561643303521,69.82588195800781,971600,0.0,0.0,0.0,-0.0005295363679221898,-0.0005296766218198779,0.05290841914394632,0.0647108964529693
2011-12-30 00:00:00-05:00,69.93065484101392,70.1772160520722,69.8566897696312,70.12174224853516,807100,0.0,0.0,0.0,0.004237114981308299,0.004228163685830126,0.048760825024609725,0.06538242155530745
2012-01-03 00:00:00-05:00,70.1463887482639,70.26966698467557,69.96146669088313,70.06625366210938,2509400,0.0,0.0,0.0,-0.0007913178515889241,-0.0007916311088283117,0.03725993919547912,0.060527802079350164
2012-01-04 00:00:00-05:00,70.11557692499862,70.23885517914577,69.92449422024133,70.12174224853516,1641400,0.0,0.0,0.0,0.0007919445314341633,0.0007916311088283589,0.03247575821801523,0.05576124032029646
2012-01-05 00:00:00-05:00,70.08474696753093,70.12173420174179,69.77654666476647,69.81969451904297,1454800,0.0,0.0,0.0,-0.004307476109501551,-0.004316780011889219,0.048908839337158644,0.05435067210823752
2012-01-06 00:00:00-05:00,69.95529536576488,70.15870867087733,69.89365625284795,70.09090423583984,781000,0.0,0.0,0.0,0.0038844300116911423,0.0038769050938163136,0.056090765789137395,0.051809389222553466
2012-01-09 00:00:00-05:00,70.16491710755493,70.22655625834756,69.98616027832031,69.98616027832031,1184400,0.0,0.0,0.0,-0.001494401572664672,-0.0014955193043936852,0.0478840146679539,0.05022775656231719
2012-01-10 00:00:00-05:00,70.08473852583253,70.22034739515696,70.02926473534318,70.18336486816406,1946400,0.0,0.0,0.0,0.0028177655276344638,0.0028138030681260865,0.05257231698564744,0.04749299832315003
2012-01-11 00:00:00-05:00,70.20185004220279,70.30047637597926,70.15253687531455,70.17102813720703,2382700,0.0,0.0,0.0,-0.00017577856205963638,-0.000175794012921723,0.05249525513175055,0.04758223510091601
2012-01-12 00:00:00-05:00,70.380634902926,70.50391316670523,70.27584790843724,70.3313217163086,1820800,0.0,0.0,0.0,0.0022843270699717255,0.0022817219614161234,0.035323107565220405,0.04704359502550539
2012-01-13 00:00:00-05:00,70.54090517403641,70.77513577214808,70.48542665965242,70.58405303955078,3220100,0.0,0.0,0.0,0.0035934391260499243,0.003586998149233898,0.034105982692611315,0.0478373305989165
2012-01-17 00:00:00-05:00,70.75046861672787,70.81827306709611,70.64568163080018,70.7997817993164,1689000,0.0,0.0,0.0,0.003056338513810486,0.003051677406121975,0.023332936016460724,0.048277358718949906
2012-01-18 00:00:00-05:00,70.8861129641606,70.91076956778444,70.633386304091,70.65804290771484,1643200,0.0,0.0,0.0,-0.002001967915710834,-0.002003974532046888,0.03755022338438936,0.04674047766797383
2012-01-19 00:00:00-05:00,70.74429044590207,70.84291679316838,70.52855118971084,70.6395034790039,1268300,0.0,0.0,0.0,-0.00026238242594900374,-0.0002624168542401112,0.03777645552815291,0.045819443644786864
2012-01-20 00:00:00-05:00,70.59634799719423,70.64566116549726,70.39910002674468,70.46073913574219,1140300,0.0,0.0,0.0,-0.0025306568486124226,-0.0025338643732273083,0.04493279335060411,0.0470037218045441
2012-01-23 00:00:00-05:00,70.41761905273357,70.51624542822506,70.3559799194336,70.3559799194336,1129000,0.0,0.0,0.0,-0.0014867743028749159,-0.0014878806485155794,0.03545381345799388,0.04417619498988195
2012-01-24 00:00:00-05:00,70.41759336797294,70.621006666156,70.36828490097683,70.60868072509766,1321300,0.0,0.0,0.0,0.003591745946164515,0.0035853110304787357,0.03900158751618049,0.042316353479410235
2012-01-25 00:00:00-05:00,70.64569245269618,71.21278003104216,70.51008353118635,70.84910583496094,1697600,0.0,0.0,0.0,0.0034050361427844233,0.003399252133339515,0.04469040003953069,0.040942076865183065
2012-01-26 00:00:00-05:00,71.2744107882838,71.42235034131976,71.20044571452992,71.40385437011719,1342800,0.0,0.0,0.0,0.007830000514734925,0.0077995051431176575,0.06690409426942404,0.04670988254284273
2012-01-27 00:00:00-05:00,71.4470202222788,71.6319376438213,71.34839383524414,71.50865936279297,1148400,0.0,0.0,0.0,0.0014677778055582902,0.0014667016726023923,0.05401683674455649,0.046656420618312155
2012-01-30 00:00:00-05:00,71.74909405933487,71.75525938754609,71.40390622101896,71.4162368774414,1325500,0.0,0.0,0.0,-0.0012924656422750314,-0.0012933015963655222,0.053017106014228634,0.047101270180240004
2012-01-31 00:00:00-05:00,71.58879565145102,71.73673054138105,71.47167798292517,71.62577819824219,1504000,0.0,0.0,0.0,0.0029340851599388706,0.002929789133296545,0.05275994653377724,0.04617960327706706
2012-02-01 00:00:00-05:00,71.79334223453037,71.94177649105494,71.58305604570064,71.91085052490234,3195600,0.391,0.0,0.0,0.003980024145373351,0.003972124802055601,0.05328337426031887,0.04673724613350466
2012-02-02 00:00:00-05:00,71.917103718608,72.09646410852388,71.86762401408411,72.05935668945312,2860600,0.0,0.0,0.0,0.0020651426518638605,0.0020630131760544764,0.03152788003387019,0.04677064202527994
2012-02-03 00:00:00-05:00,71.80572068920631,71.98508093910857,71.68202624310024,71.95415496826172,2148400,0.0,0.0,0.0,-0.0014599314513004114,-0.001460998189591259,0.03949642084826844,0.04313896856160282
2012-02-06 00:00:00-05:00,71.89234624689077,72.26343450258459,71.89234624689077,72.13973999023438,1141700,0.0,0.0,0.0,0.002579212028193778,0.002575891569070524,0.0328240957174305,0.04242919814278283
2012-02-07 00:00:00-05:00,72.01601149777458,72.09022628270986,71.86757249062212,72.0036392211914,1061100,0.0,0.0,0.0,-0.0018866268309449818,-0.0018884087529118477,0.041149455609472155,0.04281072196971391
2012-02-08 00:00:00-05:00,72.03456444088482,72.14589133576476,71.94179124204472,72.0778579711914,1651200,0.0,0.0,0.0,0.0010307638725315371,0.0010302330002224256,0.03232513789187189,0.04250874581885976
2012-02-09 00:00:00-05:00,72.05315262059888,72.0593387617864,71.73154405849533,71.84905242919922,2439000,0.0,0.0,0.0,-0.0031744220546015,-0.003179471220579236,0.037048985637585886,0.045172419643687546
2012-02-10 00:00:00-05:00,71.85521010950933,71.89850364338766,71.63874244011771,71.78099060058594,1776500,0.0,0.0,0.0,-0.0009472891612641865,-0.0009477381231952851,0.036457884961843184,0.04558501176170181
2012-02-13 00:00:00-05:00,72.05318223908908,72.07173595163525,71.92330153262084,72.0284423828125,1061300,0.0,0.0,0.0,0.003447316345959406,0.0034413879717122837,0.041252192119848104,0.04547862214042332
2012-02-14 00:00:00-05:00,72.06554038715275,72.2016072195641,71.99132554666981,72.08409881591797,1972900,0.0,0.0,0.0,0.0007727007729760871,0.0007724023934293191,0.03909682381857957,0.04483852170855481
2012-02-15 00:00:00-05:00,72.14589109657172,72.2757716870609,71.96034469950668,71.9850845336914,1025100,0.0,0.0,0.0,-0.0013735939527996788,-0.0013745381977450758,0.03969964726776108,0.04435139019176901
2012-02-16 00:00:00-05:00,72.0098157995673,72.0098157995673,71.75623606832744,71.86138153076172,1821400,0.0,0.0,0.0,-0.001718453256407404,-0.0017199314909653676,0.03387238908045871,0.04516622159201235
2012-02-17 00:00:00-05:00,71.71917319422298,71.83050014458377,71.63877223176812,71.7500991821289,1858600,0.0,0.0,0.0,-0.0015485695691109802,-0.001549769842263861,0.03521456906724815,0.044314398618626724
2012-02-21 00:00:00-05:00,71.84907432745453,71.92948003146896,71.63260650634766,71.63260650634766,1887500,0.0,0.0,0.0,-0.0016375263187163869,-0.0016388685304100736,0.01675209960851271,0.04442566667822389
2012-02-22 00:00:00-05:00,71.84901804320461,72.10259780545816,71.70676989447192,72.0778579711914,2834500,0.0,0.0,0.0,0.006215765229822923,0.006196527040017223,0.05530754705475074,0.04740813646563432
2012-02-23 00:00:00-05:00,72.02220602211396,72.18919875588514,71.87995784601151,72.17682647705078,1590800,0.0,0.0,0.0,0.001373077789005972,0.0013721359797183434,0.05448023501435234,0.04660235359819841
2012-02-24 00:00:00-05:00,72.25723037797661,72.35618501303821,72.07168394910376,72.23249053955078,2175100,0.0,0.0,0.0,0.0007712179270960018,0.0007709206913629977,0.05072484958290987,0.03883484853592467
2012-02-27 00:00:00-05:00,72.47370376314497,72.54792328425694,72.34382314018059,72.49844360351562,1160200,0.0,0.0,0.0,0.0036819035586102,0.0036751419436963292,0.047426866685338305,0.04027482928974563
2012-02-28 00:00:00-05:00,72.67158806640421,72.85713443402982,72.61592698730061,72.72724914550781,2136700,0.0,0.0,0.0,0.0031560062619204743,0.003151036527753863,0.034081225789857963,0.04046474055885992
2012-02-29 00:00:00-05:00,72.73347135651262,72.90046411392746,72.60977686250662,72.79531860351562,1769800,0.0,0.0,0.0,0.0009359553510903673,0.0009355176179918812,0.021296317013301168,0.039756502884403286
2012-03-01 00:00:00-05:00,72.57376813534529,72.72891985122564,72.48067615884617,72.6234130859375,2300600,0.403,0.0,0.0,-0.002361491382631642,-0.002364284100926535,0.03799686991325756,0.039427925257537334
2012-03-02 00:00:00-05:00,72.62959880478587,72.84060753753418,72.61718875455512,72.6482162475586,1880600,0.0,0.0,0.0,0.00034153120277813365,0.00034147289427263636,0.03844827626176005,0.03899042969854877
2012-03-05 00:00:00-05:00,72.72273052937142,72.80340773713087,72.4186344164334,72.51792907714844,1646400,0.0,0.0,0.0,-0.0017933980645331582,-0.0017950081281200058,0.035256443660487254,0.03921982132011393
2012-03-06 00:00:00-05:00,72.49927328585497,72.55513035003973,72.30067933458757,72.40618133544922,1682900,0.0,0.0,0.0,-0.0015409670838826273,-0.0015421555947871392,0.02280597659167744,0.03889954585353652
2012-03-07 00:00:00-05:00,72.41240274010573,72.51790476138231,72.31310337783069,72.37516784667969,1410400,0.0,0.0,0.0,-0.0004283265350765175,-0.0004284182930893728,0.017353008977979686,0.03820664843169591
2012-03-08 00:00:00-05:00,72.43722292013061,72.5054900435889,72.3193061187292,72.3875732421875,1202400,0.0,0.0,0.0,0.00017140403092530399,0.00017138934293275872,0.015489158656601722,0.03809836637882668
2012-03-09 00:00:00-05:00,72.31927143235835,72.36271369600895,72.15791242386256,72.35030364990234,1659400,0.0,0.0,0.0,-0.0005148617451293802,-0.0005149943319488863,0.013034240217377615,0.036074082155473586
2012-03-12 00:00:00-04:00,72.45587009950738,72.47448755266265,72.20141894676973,72.20762634277344,2027900,0.0,0.0,0.0,-0.0019720346692573276,-0.0019739816897747777,0.01390616777130208,0.036740139103343034
2012-03-13 00:00:00-04:00,72.15796991994814,72.23865185590992,71.94075842861916,72.00902557373047,2230100,0.0,0.0,0.0,-0.0027504126517080563,-0.002754201986336194,0.019270207511669604,0.03627968310843285
2012-03-14 00:00:00-04:00,71.82902408880852,71.82902408880852,71.12153277092665,71.1525650024414,3067800,0.0,0.0,0.0,-0.011893794763437326,-0.011965091832754791,0.07764087867218492,0.05544762981180649
2012-03-15 00:00:00-04:00,71.19602290869653,71.44426661072718,70.92916175761317,70.99742889404297,2035800,0.0,0.0,0.0,-0.002180330510827222,-0.0021827108920366924,0.07246355041231954,0.055661891195299254
2012-03-16 00:00:00-04:00,70.87330191757901,71.11533821555503,70.74918243882117,71.1029281616211,3390500,0.0,0.0,0.0,0.0014859589878328805,0.0014848560432611942,0.07935130073391564,0.056033498079529405
2012-03-19 00:00:00-04:00,71.08430113924341,71.14015347670554,70.84847226742447,71.00362396240234,1961200,0.0,0.0,0.0,-0.0013966260150780618,-0.0013976022062128781,0.08013332469597287,0.05599925055749527
2012-03-20 00:00:00-04:00,70.86091803481153,71.05951211508389,70.78024081730777,70.96021270751953,1825900,0.0,0.0,0.0,-0.000611394918459407,-0.0006115818965480857,0.08253938909377112,0.05584513297016066
2012-03-21 00:00:00-04:00,71.10915924470608,71.30775331778929,71.03468469172878,71.28292846679688,2112500,0.0,0.0,0.0,0.004547840923300184,0.004537530742325433,0.04295514252641826,0.053461432497819684
2012-03-22 00:00:00-04:00,71.25802415467562,71.27043419890508,71.12148999389713,71.16493225097656,3073000,0.0,0.0,0.0,-0.001655322225927791,-0.0016566937855546793,0.04111434542912896,0.053096912339288135
2012-03-23 00:00:00-04:00,71.32011216373199,71.43182154555578,71.22081756591797,71.22081756591797,2235200,0.0,0.0,0.0,0.0007852928847640328,0.0007849847036376788,0.04032121987251269,0.05310210936101826
2012-03-26 00:00:00-04:00,71.38222500063519,71.54358416887307,71.25810547728685,71.37602233886719,1600200,0.0,0.0,0.0,0.002179205157334385,0.0021768341337818574,0.038607265636845724,0.05170718170584569
2012-03-27 00:00:00-04:00,71.3822075933558,71.95937223240504,71.3822075933558,71.9283447265625,2904800,0.0,0.0,0.0,0.007738206327512653,0.007708419972222302,0.05707232636639253,0.05844632548072431
2012-03-28 00:00:00-04:00,71.82278789329403,71.99034955461234,71.69245636967236,71.79175567626953,1666400,0.0,0.0,0.0,-0.0018989600109973193,-0.0019007653213958745,0.06218047476848765,0.0583593806374444
2012-03-29 00:00:00-04:00,71.90975308739675,72.01525516786967,71.75460129792829,71.93457794189453,1632100,0.0,0.0,0.0,0.0019893964742836445,0.001987420245685112,0.055849638238564765,0.05874631026891088
2012-03-30 00:00:00-04:00,72.0524280581895,72.10207772444575,71.66765498183551,71.7607421875,4285000,0.0,0.0,0.0,-0.002416581279380714,-0.0024195059246327052,0.06472971412146326,0.05905602929700872
2012-04-02 00:00:00-04:00,71.88348143268516,71.98934698053807,71.71534231263456,71.94575500488281,6107600,0.397,0.0,0.0,0.0025781898534353864,0.0025748720234154724,0.06504757045900185,0.0599243211274055
2012-04-03 00:00:00-04:00,71.92705634117495,72.11388176460619,71.23580892611437,71.2607192993164,2724100,0.0,0.0,0.0,-0.009521558367410532,-0.00956717821659992,0.07676025237468344,0.068097276644974
2012-04-04 00:00:00-04:00,71.49737235355836,71.60946667562591,71.39150681359698,71.39773559570312,1620100,0.0,0.0,0.0,0.0019227464686570883,0.0019209003576891735,0.0812807102101489,0.06877013867694698
2012-04-05 00:00:00-04:00,71.54095499070468,71.69664126486276,71.3665871238345,71.51604461669922,1646300,0.0,0.0,0.0,0.0016570416415728761,0.0016556702628173817,0.08051822403326564,0.06921218828795893
2012-04-09 00:00:00-04:00,72.0204382929623,72.07648304535422,71.85852331188697,71.98307037353516,1026600,0.0,0.0,0.0,0.006530363351874735,0.0065091329073408265,0.09537588101521845,0.07369510604718596
2012-04-10 00:00:00-04:00,72.120064923783,72.120064923783,71.90833399830643,71.93946838378906,2263600,0.0,0.0,0.0,-0.0006057256174241132,-0.0006059091433005404,0.09395352158631803,0.07342932625772478
2012-04-11 00:00:00-04:00,71.9394953360204,71.97686326423076,71.60944126902513,71.8647689819336,1311400,0.0,0.0,0.0,-0.001038364663149216,-0.0010389041372155918,0.04775473931059838,0.07288260887529374
2012-04-12 00:00:00-04:00,71.98929431837908,72.05156784502194,71.85851848707942,71.89588165283203,1400700,0.0,0.0,0.0,0.00043293356869011923,0.00043283987999234936,0.04846950300814419,0.058024633127216924
2012-04-13 00:00:00-04:00,72.05159318230942,72.26332894875166,72.05159318230942,72.23841857910156,1012800,0.0,0.0,0.0,0.004764346975026479,0.004753033394295764,0.05420718682826903,0.058957316153689265
2012-04-16 00:00:00-04:00,72.21973698965579,72.41901519568938,72.17614503055991,72.23841857910156,2396800,0.0,0.0,0.0,0.0,0.0,0.03706494141191216,0.05898847024720799
2012-04-17 00:00:00-04:00,72.21971574269475,72.34426280313643,72.12007429340875,72.3318099975586,2229300,0.0,0.0,0.0,0.0012928220231560594,0.0012919870483360267,0.035221857711839805,0.05843059911720541
2012-04-18 00:00:00-04:00,72.3816142046747,72.41274858709734,72.26951997539084,72.3193359375,2663500,0.0,0.0,0.0,-0.00017245607512128558,-0.00017247094738010753,0.0323437322675557,0.058297292958230225
2012-04-19 00:00:00-04:00,72.4812577530968,72.48748653063787,72.31934279518546,72.3691635131836,1141800,0.0,0.0,0.0,0.0006889938221592562,0.0006887565748841194,0.03197848627938099,0.05673163684217089
2012-04-20 00:00:00-04:00,72.28818273799318,72.40650096226373,72.19477011271175,72.35045623779297,663400,0.0,0.0,0.0,-0.00025849788062315415,-0.0002585312969591229,0.01053482924214896,0.056155810415934294
2012-04-23 00:00:00-04:00,72.4874744426822,72.49370321918455,72.33178828827401,72.36292266845703,976400,0.0,0.0,0.0,0.00017230617901131673,0.00017229133600665713,0.010283236461290392,0.056204759675558776
2012-04-24 00:00:00-04:00,72.3380632566506,72.36919765671466,72.20105859310002,72.23219299316406,1988800,0.0,0.0,0.0,-0.001806583682252949,-0.0018082175226295486,0.014819307454368205,0.056687793721292
2012-04-25 00:00:00-04:00,72.14499187476096,72.38163796491176,72.08271833830885,72.35672760009766,1709800,0.0,0.0,0.0,0.0017240873047477123,0.0017226027722946264,0.020626632498080465,0.05030761123837361
2012-04-26 00:00:00-04:00,72.39411199267033,72.57470862713625,72.38788321184938,72.47506713867188,1116300,0.0,0.0,0.0,0.00163550152832026,0.0016341655521580367,0.02324584295111406,0.04981899498269034
2012-04-27 00:00:00-04:00,72.53107375545582,72.61202885356558,72.40652196855828,72.58089447021484,1601000,0.0,0.0,0.0,0.001460189493035946,0.0014591244530056087,0.023869167001341743,0.04964121732617751
2012-04-30 00:00:00-04:00,72.66187771141314,72.7116984454685,72.49996270131653,72.5373306274414,1733000,0.0,0.0,0.0,-0.0006002108832002806,-0.0006003910818608425,0.025397966429806528,0.048658073415972544
2012-05-01 00:00:00-04:00,72.7241335908506,72.79911508255492,72.37422949706861,72.39922332763672,2430700,0.389,0.0,0.0,-0.0019039479204717713,-0.0019057627332188661,0.025954150022361767,0.04877233261848277
2012-05-02 00:00:00-04:00,72.56172957361916,72.6617049696009,72.51799152964946,72.63671112060547,2046500,0.0,0.0,0.0,0.00328025332390669,0.00327488502934611,0.0322941947750724,0.033197980601404824
2012-05-03 00:00:00-04:00,72.63669714510968,72.7616615989541,72.54922107400091,72.68043518066406,1356300,0.0,0.0,0.0,0.0006019553939604627,0.0006017742914857335,0.03137848132907015,0.033019896522448494
2012-05-04 00:00:00-04:00,72.78039140957819,72.84287362006192,72.75539757196728,72.76164245605469,686400,0.0,0.0,0.0,0.0011173196086231574,0.0011166958716350615,0.030854090033002095,0.03290959907803164
2012-05-07 00:00:00-04:00,72.7928938584127,72.91785829296549,72.7304116411363,72.8866195678711,787200,0.0,0.0,0.0,0.0017176235664537742,0.0017161501380513775,0.030028297689772752,0.025528845255871492
2012-05-08 00:00:00-04:00,72.94909814412732,73.10530606306548,72.86787174243092,73.06781768798828,1570700,0.0,0.0,0.0,0.002486027218596032,0.002482942164890697,0.016952451110209446,0.02590789106384614
2012-05-09 00:00:00-04:00,72.88656990209427,73.09901024949214,72.83658225550028,72.94280242919922,2175700,0.0,0.0,0.0,-0.0017109483045312235,-0.0017124136482383604,0.025250585090284754,0.026633725347686217
2012-05-10 00:00:00-04:00,72.86785870108777,72.90534706945559,72.66791279131523,72.79287719726562,1600000,0.0,0.0,0.0,-0.0020553807495827803,-0.0020574959434451353,0.03277184145897651,0.028426056941025787
2012-05-11 00:00:00-04:00,72.96784339364268,73.1053071270429,72.94909920583127,73.01158142089844,2977200,0.0,0.0,0.0,0.0030044728557732103,0.0029999684471962262,0.03801618456853967,0.02556701781804466
2012-05-14 00:00:00-04:00,73.14278145683059,73.21776296076473,72.95533484762505,73.03031158447266,1925800,0.0,0.0,0.0,0.00025653688373417083,0.0002565039837743946,0.036923413435648283,0.02551215327870686
2012-05-15 00:00:00-04:00,73.1428517581998,73.1428517581998,72.86792884703844,72.93666076660156,2455300,0.0,0.0,0.0,-0.0012823554472004561,-0.0012831783685406121,0.032965778445488106,0.026142806627207124
2012-05-16 00:00:00-04:00,72.67418447615091,73.04908736643551,72.6179519028612,72.97410583496094,2700500,0.0,0.0,0.0,0.0005133915916331055,0.0005132598512575979,0.030932008610346666,0.026050637079090166
2012-05-17 00:00:00-04:00,72.72419854601573,72.76168694180858,72.4180321904975,72.43052673339844,2367900,0.0,0.0,0.0,-0.007448931307111328,-0.007476813142127498,0.06228246874589991,0.03823518475967302
2012-05-18 00:00:00-04:00,72.32428993178937,72.33678447183945,72.09935007417653,72.14933776855469,1969000,0.0,0.0,0.0,-0.003882188595407343,-0.0038897438498400353,0.05293491634268909,0.04070096218799253
2012-05-21 00:00:00-04:00,72.1492881541757,72.26800765491264,72.01182447270884,72.23051452636719,1387000,0.0,0.0,0.0,0.0011251213153598005,0.001124488840735329,0.0559235222533585,0.04093654565693935
2012-05-22 00:00:00-04:00,72.09307490714967,72.23053863449731,71.99310432086145,72.0368423461914,1728300,0.0,0.0,0.0,-0.0026813069441044,-0.0026849080861872316,0.05536431908303053,0.04153683667975997
2012-05-23 00:00:00-04:00,72.09933734203139,72.35552065516298,72.08684280418774,72.21180725097656,1870700,0.0,0.0,0.0,0.002428825293928405,0.0024258804651267757,0.0630182480295352,0.04202698129134411
2012-05-24 00:00:00-04:00,72.22428131103516,72.25552479741792,72.12431073536641,72.22428131103516,1212900,0.0,0.0,0.0,0.00017274266540989736,0.00017272774711366367,0.04188451490835971,0.04154523869436854
2012-05-25 00:00:00-04:00,72.28049217735,72.42420548818804,72.2305045242685,72.40545654296875,594000,0.0,0.0,0.0,0.0025085086157292658,0.002505367559805622,0.03381579876655381,0.042251478395444
2012-05-29 00:00:00-04:00,72.46793497409925,72.6616311481644,72.44918603108394,72.51167297363281,2514200,0.0,0.0,0.0,0.0014669672112492815,0.0014658922659943883,0.03416496376602578,0.04257426017700367
2012-05-30 00:00:00-04:00,72.78039144689683,72.8366240062349,72.561696559461,72.5741958618164,1919500,0.0,0.0,0.0,0.0008622458373885866,0.0008618743169924782,0.015970461980167,0.04207518962291244
2012-05-31 00:00:00-04:00,72.78663420531834,73.10529966685564,72.63667595104246,73.08655548095703,4629800,0.0,0.0,0.0,0.007059804287961713,0.007035000540979869,0.04341647129620341,0.04761036131025825
2012-06-01 00:00:00-04:00,73.09661335108045,73.54175519746848,72.933608646247,73.53548431396484,3800200,0.396,0.0,0.0,0.00614242701757628,0.006123639208654351,0.04466801464112645,0.05192292966671773
2012-06-04 00:00:00-04:00,73.19690341298076,73.29721838172716,72.95239165576261,72.97747039794922,2643900,0.0,0.0,0.0,-0.007588362560218442,-0.007617300671596599,0.09236946436410544,0.05940679647382614
2012-06-05 00:00:00-04:00,72.89596356025693,73.03389425115408,72.77057463214007,72.82073211669922,2430900,0.0,0.0,0.0,-0.0021477625957065927,-0.002150072345579207,0.09615645512995205,0.05964209468150914
2012-06-06 00:00:00-04:00,72.89598052067927,72.89598052067927,72.45711438688,72.60758209228516,2499400,0.0,0.0,0.0,-0.002927051379715273,-0.0029313435722966887,0.09985680299126773,0.0596982557439186
2012-06-07 00:00:00-04:00,72.65772640757602,72.78938622383122,72.55741621659736,72.75804138183594,2929700,0.0,0.0,0.0,0.0020722255887759555,0.0020700814908560135,0.08280249511111874,0.060029523286880875
2012-06-08 00:00:00-04:00,73.07780927595947,73.14677464823026,72.85210529094286,73.02765655517578,1713000,0.0,0.0,0.0,0.0037056408916356087,0.003698791919100571,0.07068531492072093,0.061040707239989785
2012-06-11 00:00:00-04:00,73.01509094238281,73.18437126750344,72.9022389867295,73.01509094238281,1354200,0.0,0.0,0.0,-0.0001720664935136451,-0.00017208129865107656,0.04432060885193655,0.06011742230033241
2012-06-12 00:00:00-04:00,72.94610716195388,72.99626463696721,72.68278759305397,72.80191040039062,926300,0.0,0.0,0.0,-0.002919677826059397,-0.0029239483998554317,0.04704859689065948,0.060994920602648314
2012-06-13 00:00:00-04:00,72.8458211645374,73.07152509370306,72.75177706350475,73.06525421142578,1333000,0.0,0.0,0.0,0.0036172651182755367,0.0036107385489600953,0.04470167236276416,0.06225460021404279
2012-06-14 00:00:00-04:00,73.02762788232242,73.07778058341464,72.8332688261965,72.97747039794922,1574900,0.0,0.0,0.0,-0.001201444030052179,-0.0012021663425341605,0.04694275894053185,0.06239930648338357
2012-06-15 00:00:00-04:00,73.19691715468225,73.32857698841848,73.11541481473562,73.2784194946289,1347100,0.0,0.0,0.0,0.004123863091425317,0.004115383273106014,0.04874197077048844,0.05737180646554281
2012-06-18 00:00:00-04:00,73.32854209608682,73.35362083104826,73.16553271047732,73.24703979492188,996800,0.0,0.0,0.0,-0.0004282256621177538,-0.00042831737691062174,0.0490601431379155,0.05506588050967842
2012-06-19 00:00:00-04:00,73.33483914792477,73.54800129625241,73.14675096022752,73.1781005859375,2159200,0.0,0.0,0.0,-0.0009411876463184532,-0.0009416308415196319,0.04143914986061952,0.05537228364238403
2012-06-20 00:00:00-04:00,73.14048157511506,73.34110673411233,73.02762962422402,73.20944213867188,2579000,0.0,0.0,0.0,0.0004282914216606759,0.00042819973106900355,0.0345222661977973,0.053967649332806754
2012-06-21 00:00:00-04:00,73.3411087876543,73.52292130719289,73.30348828078318,73.32229614257812,2229400,0.0,0.0,0.0,0.0015415225223609497,0.0015403355961432432,0.031918667613418904,0.05370660407847512
2012-06-22 00:00:00-04:00,73.31601899064245,73.42887092767914,73.22824579331173,73.26586151123047,1245600,0.0,0.0,0.0,-0.0007696789969304785,-0.0007699753518848499,0.016296733277996307,0.0539489629155288
2012-06-25 00:00:00-04:00,73.4288778619296,73.56680376841682,73.32856289363241,73.4539566040039,1702300,0.0,0.0,0.0,0.0025672951753199502,0.002564005302574628,0.023853317256549142,0.05397518439729148
2012-06-26 00:00:00-04:00,73.41005199710827,73.61694799449953,73.36616540220226,73.5291748046875,1642300,0.0,0.0,0.0,0.0010240183668948077,0.001023494417745467,0.01976384739574153,0.05391725218865039
2012-06-27 00:00:00-04:00,73.66084618219361,73.73608240670754,73.55426511825951,73.62950134277344,2352100,0.0,0.0,0.0,0.0013644453151069325,0.0013635153054667188,0.019294125257831113,0.05396643849502664
2012-06-28 00:00:00-04:00,73.77999396820518,73.89284595151334,73.73610735154547,73.74237823486328,2286500,0.0,0.0,0.0,0.001533038931831987,0.001531865027256527,0.01928324654717008,0.04867144240735601
2012-06-29 00:00:00-04:00,73.66711005481433,73.8614643038837,73.60441559865781,73.7235336303711,2348600,0.0,0.0,0.0,-0.00025554647060832547,-0.0002555791281714475,0.016161927431714147,0.043804094833688564
2012-07-02 00:00:00-04:00,73.96384380887166,74.22804417019262,73.88206407850092,74.11481475830078,2310500,0.392,0.0,0.0,0.005307411469062995,0.005293376797428929,0.03309957490815973,0.03706020726327856
2012-07-03 00:00:00-04:00,74.13997757857413,74.22175250988055,74.06448970402056,74.17771911621094,808800,0.0,0.0,0.0,0.0008487420243212807,0.0008483820464805039,0.033378885801975094,0.03541449646323525
2012-07-05 00:00:00-04:00,74.21551454600997,74.44196872090814,74.18406004431912,74.36648559570312,1982300,0.0,0.0,0.0,0.002544786786938813,0.0025415542998755117,0.03354990736564964,0.03274431045640227
2012-07-06 00:00:00-04:00,74.4733627153171,74.58659211041241,74.24061207004362,74.55513763427734,1533100,0.0,0.0,0.0,0.0025367884076146208,0.0025335761912307713,0.033434454830877765,0.032949407552421324
2012-07-09 00:00:00-04:00,74.48599799272603,74.70616508025718,74.46712241440973,74.60551452636719,1119500,0.0,0.0,0.0,0.0006756998067249942,0.0006754716243933093,0.029561161074611115,0.031650933835748955
2012-07-10 00:00:00-04:00,74.71241722099784,74.76903433091965,74.58660888671875,74.58660888671875,1385600,0.0,0.0,0.0,-0.0002534080726935839,-0.000253440185944523,0.01957342916172851,0.03169460066585047
2012-07-11 00:00:00-04:00,74.7312550155194,74.92625927486579,74.69980054820898,74.7123794555664,1210000,0.0,0.0,0.0,0.001686235246848078,0.0016848151483834857,0.019338083729945558,0.02801323290870048
2012-07-12 00:00:00-04:00,74.82566140521936,75.11502926986026,74.74388645173119,75.0898666381836,1716700,0.0,0.0,0.0,0.005052538620345937,0.005039817378807149,0.032258803244955656,0.029983609020593067
2012-07-13 00:00:00-04:00,75.05837314270478,75.1841814364272,74.88853146625165,75.114990234375,1634700,0.0,0.0,0.0,0.0003345803810315129,0.0003345244214974541,0.03345656006576769,0.028705424579001868
2012-07-16 00:00:00-04:00,75.37921079585612,75.39808156505985,75.22823504366609,75.32259368896484,750100,0.0,0.0,0.0,0.0027638085812442537,0.002759996284996657,0.033502980861077926,0.027398914490310136
2012-07-17 00:00:00-04:00,75.34146445816859,75.42324419042487,75.1904935052586,75.32259368896484,2479000,0.0,0.0,0.0,0.0,0.0,0.03250221965685601,0.02706460870220815
2012-07-18 00:00:00-04:00,75.5616212783552,75.79436711818627,75.53016680305306,75.73775482177734,2351900,0.0,0.0,0.0,0.005511774256298896,0.0054966400141221805,0.04072399135970602,0.02926616018336969
2012-07-19 00:00:00-04:00,75.74406471426485,76.0334277186924,75.74406471426485,75.869873046875,3499900,0.0,0.0,0.0,0.0017444169741835935,0.001742897245996768,0.03525585043440233,0.0288645749207603
2012-07-20 00:00:00-04:00,75.98939975377323,76.06488283902245,75.90133295479541,75.9264907836914,1144600,0.0,0.0,0.0,0.000746247944575229,0.0007459696400253631,0.03408008744555974,0.029091763503117925
2012-07-23 00:00:00-04:00,75.93906565306149,75.9893909035535,75.64341080552101,75.68115234375,1328000,0.0,0.0,0.0,-0.0032312627306898545,-0.003236494533366557,0.050116556680727925,0.03297098351791897
2012-07-24 00:00:00-04:00,75.62451802411879,75.88242645907994,75.59306355189683,75.80065155029297,1333100,0.0,0.0,0.0,0.001578982386528649,0.0015777371045200643,0.049472002047634196,0.03278248890641197
2012-07-25 00:00:00-04:00,75.92016514340013,76.0271026593445,75.82580653551115,75.94532775878906,2551400,0.0,0.0,0.0,0.0019086406981621007,0.001906821557860447,0.03429389790419136,0.032735408677328104
2012-07-26 00:00:00-04:00,75.94534103801266,76.09631195746576,75.94534103801266,76.06485748291016,1094600,0.0,0.0,0.0,0.0015738917409209296,0.0015726544713636232,0.033939074343364656,0.032722170951991404
2012-07-27 00:00:00-04:00,75.8384142684564,75.89503137442026,75.32259245512348,75.70631408691406,2952200,0.0,0.0,0.0,-0.004713653687928754,-0.004724797987510294,0.0499542910006099,0.03973077964445453
2012-07-30 00:00:00-04:00,75.62459055357687,75.97685794377517,75.62459055357687,75.90137481689453,2581500,0.0,0.0,0.0,0.0025765450654027244,0.002573231463708015,0.04746445674169613,0.039514314700967196
2012-07-31 00:00:00-04:00,76.14667218719171,76.29764317601747,76.01456717277782,76.29135131835938,1563500,0.0,0.0,0.0,0.005137937256151526,0.0051247830941279614,0.05776705121669396,0.039299429907662164
2012-08-01 00:00:00-04:00,76.14299601181104,76.33862125755341,75.97892058481621,76.20610046386719,2583100,0.385,0.0,0.0,-0.0011174379928917677,-0.0011180627922187858,0.059709444111627166,0.04030601360568624
2012-08-02 00:00:00-04:00,76.35757806492184,76.39543978611214,75.85273264775842,76.25660705566406,1500000,0.0,0.0,0.0,0.0006627631054396677,0.0006625435749651456,0.059209391408298166,0.040121055976792185
2012-08-03 00:00:00-04:00,76.06730413524146,76.15565137325582,75.84643604020555,76.07361602783203,2259800,0.0,0.0,0.0,-0.002399674400651697,-0.002402558233696917,0.047463958860992854,0.041825717593361025
2012-08-06 00:00:00-04:00,76.18091058780189,76.22508421635271,76.10518230404432,76.17459869384766,1596300,0.0,0.0,0.0,0.0013274334951907107,0.0013265532342544239,0.045595322615262286,0.041820207879211424
2012-08-07 00:00:00-04:00,75.87169008951918,75.94110166009378,75.72654542571169,75.77703094482422,4136600,0.0,0.0,0.0,-0.005219164338775117,-0.005232831752699802,0.041506750997240834,0.04722919483146948
2012-08-08 00:00:00-04:00,75.87166669252339,75.89690462973279,75.53720384246628,75.56244659423828,2310300,0.0,0.0,0.0,-0.002831786201047959,-0.0028358032930817,0.04267164846712132,0.048796829844368866
2012-08-09 00:00:00-04:00,75.4614697648028,75.5813668006161,75.2847753418679,75.51195526123047,2496100,0.0,0.0,0.0,-0.0006682066990094659,-0.0006684300486071071,0.03892606963366169,0.045970786933698854
2012-08-10 00:00:00-04:00,75.78336274600007,75.78967464158923,75.59404920941597,75.72657012939453,1482700,0.0,0.0,0.0,0.002842130990008185,0.00283809977208594,0.051073758448299644,0.04686026736812798
2012-08-13 00:00:00-04:00,75.70129222076655,75.77070859632705,75.5561523915498,75.56877136230469,1127000,0.0,0.0,0.0,-0.0020837965699517236,-0.002085970694838572,0.04725844350898306,0.04678951667986967
2012-08-14 00:00:00-04:00,75.3921029075785,75.3921029075785,75.20909647380154,75.22802734375,1593600,0.0,0.0,0.0,-0.004509058602012117,-0.004519255069274286,0.04398016563226468,0.04965326152581973
2012-08-15 00:00:00-04:00,75.1144175106891,75.13966026882187,74.87461853027344,74.87461853027344,3995300,0.0,0.0,0.0,-0.004697834383742161,-0.004708903889767711,0.04934176048046143,0.04764821412552077
2012-08-16 00:00:00-04:00,74.93772015123614,75.03237928697148,74.5464646369931,74.65374755859375,1895700,0.0,0.0,0.0,-0.0029498777558431,-0.002954237220599879,0.04863022941280057,0.04753928033715732
2012-08-17 00:00:00-04:00,74.72316512978074,74.96296410484909,74.71685323674734,74.75471496582031,1734500,0.0,0.0,0.0,0.001352476071577291,0.0013515622996255372,0.03892804861879146,0.04784906541270763
2012-08-20 00:00:00-04:00,74.63483106477534,74.98191304683492,74.62852398478508,74.96298217773438,1813900,0.0,0.0,0.0,0.0027860077054575605,0.0027821339791431086,0.05489658760411059,0.04851162343516745
2012-08-21 00:00:00-04:00,74.94403252684079,75.08917236328125,74.76733804009743,75.08917236328125,2010000,0.0,0.0,0.0,0.0016833666682001258,0.0016819513945906639,0.051762475365275736,0.04857153936408544
2012-08-22 00:00:00-04:00,75.37945490424558,75.53721852255883,75.21538420768555,75.5182876586914,2281400,0.0,0.0,0.0,0.0057147426440404825,0.005698475448097498,0.04959258252082376,0.05274058012343696
2012-08-23 00:00:00-04:00,75.62559974002615,75.66977819498295,75.5498762505361,75.57511901855469,883300,0.0,0.0,0.0,0.0007525509598433899,0.0007522679353544753,0.031193264502307194,0.05243806371145306
2012-08-24 00:00:00-04:00,75.69497384516747,75.69497384516747,75.55614592049987,75.65711212158203,1335300,0.0,0.0,0.0,0.0010849219173205693,0.0010843338148622907,0.03184165670973687,0.04997246784494315
2012-08-27 00:00:00-04:00,75.82117111525177,75.89058746976137,75.72651201232398,75.75175476074219,1879300,0.0,0.0,0.0,0.0012509417357626784,0.0012501599600521986,0.032539656834779725,0.04927282293506227
2012-08-28 00:00:00-04:00,75.84644322301143,75.90323581801474,75.76440305525489,75.85906219482422,908300,0.0,0.0,0.0,0.0014165669748635867,0.0014155645903846197,0.03280750070434438,0.045670876397512515
2012-08-29 00:00:00-04:00,75.8464615244671,75.8464615244671,75.65083130493531,75.7013168334961,1777000,0.0,0.0,0.0,-0.002079453090561456,-0.0020816181550934896,0.023089624750089792,0.04603103854361237
2012-08-30 00:00:00-04:00,75.76443187379822,75.80860551379108,75.69501546601435,75.72657012939453,1888000,0.0,0.0,0.0,0.0003335912366488891,0.00033353560746356663,0.022975186542382696,0.0459518067905106
2012-08-31 00:00:00-04:00,75.7517488778188,76.25028228759766,75.7517488778188,76.25028228759766,1766500,0.0,0.0,0.0,0.006915830960100955,0.0068920262908586365,0.05238012212761387,0.051934423417237724
2012-09-04 00:00:00-04:00,76.32314064737766,76.32947271826146,76.00027748162725,76.06991577148438,3788800,0.385,0.0,0.0,-0.002365453749180624,-0.0023682558546063827,0.05955725899286605,0.05244846907691828
2012-09-05 00:00:00-04:00,76.06354160865318,76.47503904919819,76.0065626621397,76.10152435302734,817600,0.0,0.0,0.0,0.00041552013331958015,0.0004154338287356837,0.05937491909330887,0.04878826836572415
2012-09-06 00:00:00-04:00,75.87368096016569,75.91799580855968,75.72174502709429,75.76605987548828,2078500,0.0,0.0,0.0,-0.004408117713685655,-0.004417862111420169,0.06780692615705902,0.050389831331874475
2012-09-07 00:00:00-04:00,76.3484350781114,76.3610992150649,75.90528688380016,75.92427825927734,2192700,0.0,0.0,0.0,0.002088248802287973,0.002086071441478333,0.06919024847140365,0.050752572554030595
2012-09-10 00:00:00-04:00,75.92427793026572,75.97492481795413,75.79133347254846,75.9179458618164,1075900,0.0,0.0,0.0,-8.340411797280733e-05,-8.340759628966006e-05,0.040298422262417054,0.04984589443443651
2012-09-11 00:00:00-04:00,75.96862578276465,76.04459614733126,75.8420133384421,75.98128509521484,2641500,0.0,0.0,0.0,0.0008343117385409826,0.0008339638939628799,0.03920865972037763,0.04919832618850495
2012-09-12 00:00:00-04:00,75.82929229736328,75.86094779966872,75.6963478815932,75.82929229736328,1334800,0.0,0.0,0.0,-0.002000397830348555,-0.0020024012983562915,0.04043237756139846,0.046704333761749824
2012-09-13 00:00:00-04:00,75.98129022280665,76.34214102642858,75.7470567020072,76.2345199584961,3618500,0.0,0.0,0.0,0.005343946235759622,0.005329718022436086,0.043458187116586076,0.04575297589617328
2012-09-14 00:00:00-04:00,76.03193149914226,76.03193149914226,75.56345966231903,75.77870178222656,3164800,0.0,0.0,0.0,-0.0059791571655162246,-0.005997103899040061,0.0655975915118278,0.050186305543111806
2012-09-17 00:00:00-04:00,75.98756875975972,76.18381937242792,75.9179305107577,76.03821563720703,898100,0.0,0.0,0.0,0.0034246278819378695,0.0034187771976788343,0.07108464985910605,0.05104631796325097
2012-09-18 00:00:00-04:00,76.27881106538936,76.38010486012915,76.1711900309438,76.2724838256836,1563000,0.0,0.0,0.0,0.0030809269590741373,0.003076190629307714,0.0738354760149358,0.05120466366691195
2012-09-19 00:00:00-04:00,76.49403243313118,76.56367068628342,76.38007936705955,76.3990707397461,1237400,0.0,0.0,0.0,0.0016596668642889778,0.0016582911391920026,0.06962313322714722,0.051199746858028986
2012-09-20 00:00:00-04:00,76.58902986142647,76.63967193556837,76.3168087893509,76.33580017089844,1165200,0.0,0.0,0.0,-0.0008281588798794148,-0.0008285019928923813,0.061503253815587,0.04816605725271221
2012-09-21 00:00:00-04:00,76.30415029098351,76.51306516336483,76.25350338314168,76.47508239746094,1305900,0.0,0.0,0.0,0.0018245990249750044,0.0018229364662022479,0.026566073477174924,0.04837781238557127
2012-09-24 00:00:00-04:00,76.5826190468499,76.62060177089025,76.50031670482961,76.58895111083984,1191700,0.0,0.0,0.0,0.0014889648995355387,0.0014878574904254218,0.022499865624960307,0.048453118805284676
2012-09-25 00:00:00-04:00,76.6080299104407,76.74097442626953,76.49407677830811,76.74097442626953,3287800,0.0,0.0,0.0,0.001984924890924278,0.001982957530457975,0.01846341410383304,0.048650197615130585
2012-09-26 00:00:00-04:00,76.7662505785265,76.96250119573334,76.72826300458644,76.95616912841797,1162900,0.0,0.0,0.0,0.0028041695294760416,0.00280024518074863,0.021666886436860416,0.04918529948734797
2012-09-27 00:00:00-04:00,76.93086456901581,77.07014110442127,76.87389043905176,76.91820526123047,1720200,0.0,0.0,0.0,-0.0004933180486693667,-0.000493439770051154,0.019462338268665363,0.048301054785693034
2012-09-28 00:00:00-04:00,77.07648253637997,77.17777633078104,76.9561973630172,77.08914184570312,2519100,0.0,0.0,0.0,0.0022223163410031166,0.0022198506484002985,0.020048077349857505,0.048522867114978885
2012-10-01 00:00:00-04:00,77.26955644634383,77.32671570281786,77.09808836739494,77.29496002197266,3318000,0.384,0.0,0.0,0.0026698724533926743,0.002666314675069954,0.021341952409663686,0.04363105204054974
2012-10-02 00:00:00-04:00,77.21868302590104,77.34570079503841,77.19963157183855,77.32029724121094,2188900,0.0,0.0,0.0,0.00032779911175429,0.000327745397363489,0.02373010907138457,0.04215673481902061
2012-10-03 00:00:00-04:00,77.25681828666373,77.37113189697266,77.18060759804638,77.37113189697266,6193600,0.0,0.0,0.0,0.0006574555139529092,0.0006572394847577002,0.02107817002282828,0.04213477497111561
2012-10-04 00:00:00-04:00,77.30754852294922,77.42820927004242,77.26944079392509,77.30754852294922,1710500,0.0,0.0,0.0,-0.0008217971285221504,-0.0008221349888968464,0.022687286999774865,0.03793406103944203
2012-10-05 00:00:00-04:00,77.20601740476936,77.28222809955005,77.16156237745592,77.18696594238281,1711500,0.0,0.0,0.0,-0.0015597775750270104,-0.0015609952944811796,0.025660527455168336,0.03876030635526857
2012-10-08 00:00:00-04:00,77.39017486572266,77.44732924198843,77.307616929372,77.39017486572266,715300,0.0,0.0,0.0,0.0026326844287614115,0.002629224985528695,0.025440433701505023,0.039110834100647265
2012-10-09 00:00:00-04:00,77.25682476805518,77.61881709019676,77.25682476805518,77.47274780273438,3132200,0.0,0.0,0.0,0.001066969252298433,0.001066400445169615,0.026119967218751036,0.039109346139224586
2012-10-10 00:00:00-04:00,77.40918035486814,77.70766595206723,77.32662246754467,77.6124038696289,2418400,0.0,0.0,0.0,0.0018026476516637135,0.001801024832340631,0.028039363602022693,0.03757105768571072
2012-10-11 00:00:00-04:00,77.51715470333328,77.91725454719398,77.49810325271736,77.86644744873047,2165200,0.0,0.0,0.0,0.003273234256837343,0.0032678888868432373,0.029754143915516132,0.03515813293712803
2012-10-12 00:00:00-04:00,77.96175066153604,78.08876362944575,77.89824417758119,77.95539855957031,1712000,0.0,0.0,0.0,0.0011423548107598602,0.0011417028199923141,0.015195470517870213,0.023345247669061132
2012-10-15 00:00:00-04:00,77.98075527683905,78.20938235792076,77.94265237840251,78.1966781616211,2144800,0.0,0.0,0.0,0.003095098049770151,0.0030903180942156716,0.016718217022283505,0.022996272132750843
2012-10-16 00:00:00-04:00,78.15224416624534,78.24115418331014,78.0696862490373,78.1458969116211,2177900,0.0,0.0,0.0,-0.0006494041843445597,-0.0006496151385765334,0.02542052839766756,0.02319445557753244
2012-10-17 00:00:00-04:00,78.12684189546383,78.20940465926067,77.96172605833536,77.99347686767578,6454900,0.0,0.0,0.0,-0.001950454853921424,-0.0019523594679687825,0.03637429877160279,0.02568301015327828
2012-10-18 00:00:00-04:00,78.08872330308292,78.11412685259285,77.79658975156606,77.84739685058594,1541400,0.0,0.0,0.0,-0.0018729773688340723,-0.0018747335841898455,0.034238529174700424,0.0269257484692024
2012-10-19 00:00:00-04:00,77.92359503306282,78.12047131120272,77.86008858811464,77.98710632324219,1716000,0.0,0.0,0.0,0.001794658245598102,0.0017930497706432145,0.03593719134869227,0.026913532488341683
2012-10-22 00:00:00-04:00,77.82198418785137,77.92994562670222,77.77117709478117,77.80293273925781,2030300,0.0,0.0,0.0,-0.0023615901739065803,-0.0023643831260533486,0.026860419683819966,0.029312934622445868
2012-10-23 00:00:00-04:00,77.73307103687766,77.95534600348297,77.71401958905876,77.93629455566406,1188600,0.0,0.0,0.0,0.001714097550193694,0.0017126301615800867,0.03331366231892141,0.02918176299487009
2012-10-24 00:00:00-04:00,77.86649330348372,77.96175545789379,77.71407676356827,77.72677612304688,2842400,0.0,0.0,0.0,-0.0026883294081622156,-0.0026919494550401574,0.03562043254709661,0.030594141937572896
2012-10-25 00:00:00-04:00,77.63147610958336,77.75214176933926,77.47905964399784,77.50446319580078,1511200,0.0,0.0,0.0,-0.0028601845893383437,-0.0028642827334453423,0.038288044511367504,0.03269490787397547
2012-10-26 00:00:00-04:00,77.71411388655628,77.89828618099652,77.61885168664072,77.88558197021484,1206500,0.0,0.0,0.0,0.004917378415372431,0.00490532759960034,0.05486281473507816,0.03594521824895754
2012-10-31 00:00:00-04:00,78.07599067557811,78.22840706244746,77.91722219273058,78.12679290771484,1286500,0.0,0.0,0.0,0.003096990885838702,0.0030922050880673483,0.05534688951484225,0.036314665542133334
2012-11-01 00:00:00-04:00,77.8537052933253,77.968018786518,77.7266924543242,77.78385162353516,1953700,0.0,0.0,0.0,-0.004389547700809571,-0.004399210051251217,0.06531146836714367,0.04031663221787125
2012-11-02 00:00:00-04:00,77.72672418792621,77.79023063335464,77.49809710819892,77.63146209716797,1940300,0.0,0.0,0.0,-0.0019591409166099805,-0.001961062543410863,0.06388065143782298,0.0410734013189504
2012-11-05 00:00:00-05:00,77.64416737527998,77.80293591367891,77.64416737527998,77.66957092285156,2073200,0.0,0.0,0.0,0.0004908940866770184,0.0004907736375917348,0.05949719129180733,0.04091651221966863
2012-11-06 00:00:00-05:00,77.54899093302443,77.62520165991094,77.25685708114771,77.29496002197266,1459400,0.0,0.0,0.0,-0.004823135964675318,-0.004834804820379981,0.053065813540466196,0.04431550020848437
2012-11-07 00:00:00-05:00,77.73943773487258,77.76483643991402,77.45365142822266,77.45365142822266,1585400,0.0,0.0,0.0,0.002053062789668214,0.0020509581364235867,0.047581852164085885,0.04391754038806724
2012-11-08 00:00:00-05:00,77.41554152143348,77.47904796875504,77.22501733423745,77.37743377685547,3176500,0.0,0.0,0.0,-0.0009840420685371942,-0.0009845265557968273,0.041297100609581215,0.043887731883040945
2012-11-09 00:00:00-05:00,77.28222809955005,77.37113815417692,77.08535168267521,77.18696594238281,2850300,0.0,0.0,0.0,-0.0024615424055278723,-0.0024645769818834136,0.04214347787540076,0.044099750545184085
2012-11-12 00:00:00-05:00,77.18693901128395,77.33935550243153,77.16153545522054,77.19963836669922,991500,0.0,0.0,0.0,0.0001641782930794644,0.00016416481729843882,0.041401823692606046,0.042122113698274385
2012-11-13 00:00:00-05:00,77.38380074925806,77.46636350735386,77.19328137067325,77.23138427734375,1849500,0.0,0.0,0.0,0.00041121838542479416,0.00041113385831647854,0.026687489984661562,0.0418399260176855
2012-11-14 00:00:00-05:00,77.0853369899376,77.43462988456281,77.0853369899376,77.39017486572266,2445600,0.0,0.0,0.0,0.0020560370614188805,0.0020539263099136323,0.026703056278248826,0.040818001107266105
2012-11-15 00:00:00-05:00,77.18059560288928,77.29490919543197,77.17424350184984,77.23775482177734,2218400,0.0,0.0,0.0,-0.001969501221696035,-0.001971443239517085,0.02939330323466364,0.04114328553384633
2012-11-16 00:00:00-05:00,77.2441120293875,77.38382919885504,77.22506056904811,77.26316833496094,2181100,0.0,0.0,0.0,0.0003290296726288222,0.00032897555423679954,0.022748421577265452,0.04093214023909132
2012-11-19 00:00:00-05:00,77.20597751865644,77.52351464834496,77.19327816537101,77.50446319580078,2385000,0.0,0.0,0.0,0.0031230257060357314,0.003118159190791055,0.030757934265874916,0.04246910609540961
2012-11-20 00:00:00-05:00,77.46639198730445,77.50449490798322,77.2441120293875,77.26316833496094,3229500,0.0,0.0,0.0,-0.0031133027814186365,-0.003118159190791003,0.04171723844356663,0.042955730921911794
2012-11-21 00:00:00-05:00,77.2504386794935,77.35205289480339,77.19328431730604,77.32029724121094,2263700,0.0,0.0,0.0,0.0007394067248489566,0.0007391334983719482,0.03873913661766993,0.04254599183100933
2012-11-23 00:00:00-05:00,77.3520736694336,77.4409837090923,77.32031800731245,77.3520736694336,929000,0.0,0.0,0.0,0.0004109713665938486,0.0004108869409919799,0.035342018722681,0.04197226738764159
2012-11-26 00:00:00-05:00,77.47904968261719,77.5933632284172,77.42189533233292,77.47904968261719,2412300,0.0,0.0,0.0,0.0016415334089971978,0.001640187565660672,0.03662022605049377,0.04161663875755615
2012-11-27 00:00:00-05:00,77.46000733775394,77.57432089699122,77.46000733775394,77.52351379394531,2243300,0.0,0.0,0.0,0.0005738856053381092,0.000573720995969056,0.029076253112695873,0.04042563363907158
2012-11-28 00:00:00-05:00,77.5806388591136,77.66954882770573,77.49172404529158,77.51078033447266,1479700,0.0,0.0,0.0,-0.00016425286792987048,-0.00016426635890949036,0.010399312114773972,0.036039222261113356
2012-11-29 00:00:00-05:00,77.5679702758789,77.61242528058317,77.51081591778718,77.5679702758789,1052700,0.0,0.0,0.0,0.0007378320945741201,0.0007375600302911763,0.010398372760584192,0.034061780887152046
2012-11-30 00:00:00-05:00,77.6568770950392,77.71403629601485,77.5425635383198,77.56161499023438,2129200,0.0,0.0,0.0,-8.193182858762249e-05,-8.193518518323295e-05,0.011601493225797238,0.030548115472406455
2012-12-03 00:00:00-05:00,77.54568359756821,77.71130794003281,77.41827464934035,77.6476058959961,3859100,0.375,0.0,0.0,0.0011086786392024983,0.001108064508913496,0.008662747409629606,0.030063921684585604
2012-12-04 00:00:00-05:00,77.74319420274362,77.78141447326519,77.64763866628321,77.71771240234375,2387600,0.0,0.0,0.0,0.0009028804628123943,0.0009024731114219653,0.00928774345278618,0.03018626322568223
2012-12-05 00:00:00-05:00,77.7877997556446,77.91520391979039,77.73046447966887,77.87698364257812,1943900,0.0,0.0,0.0,0.002049355742868908,0.0020472586779877,0.012156340336766616,0.02492176851401458
2012-12-06 00:00:00-05:00,77.92790645546187,78.02346195862462,77.84508941798191,77.86420440673828,2737400,0.0,0.0,0.0,-0.00016409515677306974,-0.0001641086218563647,0.014564777885204811,0.024174770438779317
2012-12-07 00:00:00-05:00,77.74954759654617,77.77502453080243,77.6731022133114,77.67947387695312,1947300,0.0,0.0,0.0,-0.0023724705234279275,-0.002375289290797741,0.02684040358464453,0.02558765909846581
2012-12-10 00:00:00-05:00,77.78138319951063,77.8132366522422,77.6985710266249,77.7495346069336,2290200,0.0,0.0,0.0,0.0009019207582616762,0.000901514272128411,0.026488136697266636,0.023667694680912087
2012-12-11 00:00:00-05:00,77.71774201289907,77.73048048787415,77.43744696186418,77.46292877197266,2365400,0.0,0.0,0.0,-0.0036862707463123368,-0.003693081785695317,0.03732774558237185,0.027701962797147928
2012-12-12 00:00:00-05:00,77.45652985913483,77.59031053018667,77.17623976685009,77.22720336914062,2390900,0.0,0.0,0.0,-0.003043073720152445,-0.003047713283732344,0.03107374664394084,0.029929858329451588
2012-12-13 00:00:00-05:00,77.09979135982509,77.2208286955107,76.99786901937124,77.10616302490234,3635100,0.0,0.0,0.0,-0.0015673278191845608,-0.0015685573623303473,0.02825011101889667,0.02938547577589816
2012-12-14 00:00:00-05:00,77.18259765858089,77.26540985240733,77.14437253360612,77.16348266601562,2844200,0.0,0.0,0.0,0.0007433859871197601,0.0007431098126178648,0.0335092749307192,0.028768362564850988
2012-12-17 00:00:00-05:00,77.16985216116137,77.20807242490612,76.9150390625,76.9150390625,1983300,0.0,0.0,0.0,-0.0032197043851812657,-0.0032248987859652537,0.02863254709495555,0.030837358379145852
2012-12-18 00:00:00-05:00,76.99785358040656,77.01059204785041,76.63474650631333,76.72393035888672,2278500,0.0,0.0,0.0,-0.002484672775866281,-0.0024877646979394484,0.025703985688350375,0.02914264548322827
2012-12-19 00:00:00-05:00,76.85772429981776,77.04883051756828,76.85772429981776,77.02335357666016,3112200,0.0,0.0,0.0,0.003902605306751683,0.003895009897504474,0.04587203230313664,0.0313681882359932
2012-12-20 00:00:00-05:00,77.15711247654826,77.23992466674115,77.04244682696667,77.09977722167969,2545200,0.0,0.0,0.0,0.0009922139386395745,0.0009917220197551843,0.04580741756443753,0.03147629012886603
2012-12-21 00:00:00-05:00,77.20171767946972,77.29090154890781,77.13801074973705,77.23356628417969,2649700,0.0,0.0,0.0,0.00173527171311183,0.0017337678686205303,0.04735467773023588,0.032128521383686874
2012-12-24 00:00:00-05:00,77.13167645447977,77.25908064733092,77.11893311909961,77.1826400756836,1902500,0.0,0.0,0.0,-0.0006593792174339752,-0.0006595967035192921,0.03839848775289028,0.03153090897370234
2012-12-26 00:00:00-05:00,77.38834524604285,77.40112188972095,77.27972183853451,77.2925033569336,1642000,0.362,0.0,0.0,0.0014234195816866801,0.001422407480349985,0.026026754598571136,0.03194527261149263
2012-12-27 00:00:00-05:00,77.31165322113714,77.58000654998848,77.29248582260774,77.54167175292969,1556900,0.0,0.0,0.0,0.0032237071536607154,0.0032185221500548224,0.022210100463687706,0.03411160208290965
2012-12-28 00:00:00-05:00,77.63109678053092,77.71415710449219,77.57359460426194,77.71415710449219,1894500,0.0,0.0,0.0,0.002224421368062446,0.0022219510055908674,0.022701167894323228,0.034923774817125636
2012-12-31 00:00:00-05:00,77.57361789858415,77.63112009212026,77.24775751105373,77.30525970458984,1867700,0.0,0.0,0.0,-0.005261556132591827,-0.005275446865063196,0.05342454864588826,0.039777101571565505
2013-01-02 00:00:00-05:00,77.28614503688239,77.50977295551952,77.1903031075456,77.48421478271484,4058400,0.0,0.0,0.0,0.002314914648871902,0.0023122393618680193,0.05460478012581484,0.040512046103196725
2013-01-03 00:00:00-05:00,77.40112185783259,77.42668001989927,77.03053581994736,77.06248474121094,3207900,0.0,0.0,0.0,-0.005442786542866118,-0.005457652471463021,0.06932127755123581,0.04449056174077522
2013-01-04 00:00:00-05:00,77.03690841556275,77.088024727644,76.83883879964768,77.02413177490234,4663300,0.0,0.0,0.0,-0.0004976866037655903,-0.0004978104908497075,0.06095902701279077,0.043524088995721445
2013-01-07 00:00:00-05:00,77.11358170778978,77.1838654171498,76.99857244472064,77.15191650390625,3832600,0.0,0.0,0.0,0.0016590219981622578,0.0016576473413476506,0.05898063830656354,0.04421239975184077
2013-01-08 00:00:00-05:00,77.18388656789035,77.27333769982094,77.15832840523574,77.22222137451172,2534900,0.0,0.0,0.0,0.0009112524197880667,0.0009108374813584146,0.04930718815566969,0.04385931823982353
2013-01-09 00:00:00-05:00,77.29890319253947,77.3116798377178,77.17750312709828,77.19667053222656,1867600,0.0,0.0,0.0,-0.00033087422027444635,-0.0003309289712267196,0.04406730346815344,0.04363211982303112
2013-01-10 00:00:00-05:00,77.08167173249295,77.29252296708489,77.07528097167199,77.23501586914062,1439900,0.0,0.0,0.0,0.000496722677930217,0.0004965993520583134,0.014164204107327183,0.041885428375785655
2013-01-11 00:00:00-05:00,77.15193674797149,77.38195533446486,77.09443453870865,77.37556457519531,758200,0.0,0.0,0.0,0.001819753702036131,0.0018180999562375046,0.013973281129568265,0.04096807708924278
2013-01-14 00:00:00-05:00,77.43307256037144,77.43307256037144,77.20305397120103,77.22222137451172,1569400,0.0,0.0,0.0,-0.001981803965185547,-0.0019837703370690005,0.0228093244926861,0.04121734912964467
2013-01-15 00:00:00-05:00,77.30530146283735,77.40114337855513,77.1008409841765,77.1583480834961,3042900,0.0,0.0,0.0,-0.0008271361517283582,-0.0008274784175817616,0.02265086850765286,0.041258275727186385
2013-01-16 00:00:00-05:00,77.20945954711956,77.27335740741297,77.1263991533494,77.1583480834961,4199900,0.0,0.0,0.0,0.0,0.0,0.022619689280677716,0.039470090157034725
2013-01-17 00:00:00-05:00,77.03690841556275,77.06246657160337,76.86439695568829,77.02413177490234,2225700,0.0,0.0,0.0,-0.0017394917326185588,-0.0017410064051242061,0.024412571686757863,0.038892036752157896
2013-01-18 00:00:00-05:00,77.0304929844439,77.17745111592578,76.97938156345383,77.10077667236328,2704400,0.0,0.0,0.0,0.0009950764220871822,0.0009945816617333248,0.01960749589935388,0.03651569440361882
2013-01-22 00:00:00-05:00,77.00493483658973,77.17106036028268,76.91548375645928,77.10077667236328,1730300,0.0,0.0,0.0,0.0,0.0,0.016278547331018797,0.03634658290398327
2013-01-23 00:00:00-05:00,77.21583793735483,77.27334502746125,77.15833572196999,77.19667053222656,2446600,0.0,0.0,0.0,0.001243747002326323,0.0012429741897459412,0.01863657885343662,0.03607678081896238
2013-01-24 00:00:00-05:00,77.15828875842348,77.18384690794537,77.04327952293433,77.08800506591797,1873600,0.0,0.0,0.0,-0.0014076444691125678,-0.001408636131302723,0.021561549521454292,0.03634902012503211
2013-01-25 00:00:00-05:00,76.95389821953879,76.95389821953879,76.6919306054236,76.73665618896484,2434600,0.0,0.0,0.0,-0.00455776325580981,-0.004568181526819041,0.03766163545364922,0.03920249982816252
2013-01-28 00:00:00-05:00,76.48104571856868,76.69189689460521,76.0337900797526,76.6727294921875,2434200,0.0,0.0,0.0,-0.0008330659681068386,-0.0008334131603965603,0.03443760050064779,0.036861598646533274
2013-01-29 00:00:00-05:00,76.52578980415824,76.70469697770683,76.42995276887403,76.50023651123047,1424100,0.0,0.0,0.0,-0.0022497305378258448,-0.0022522649834989745,0.033557740293318615,0.035783424334147496
2013-01-30 00:00:00-05:00,76.28299423779819,76.41717096141545,76.17437568173497,76.24465942382812,3009300,0.0,0.0,0.0,-0.0033408666307171986,-0.003346459786438573,0.02377671913729102,0.03314864002303651
2013-01-31 00:00:00-05:00,76.30856056105674,76.34050949259445,76.1871604708805,76.30216979980469,2804100,0.0,0.0,0.0,0.0007542872695760483,0.00075400293790305,0.033051736101863204,0.031704720678693614
2013-02-01 00:00:00-05:00,76.55272677439507,76.68732156850012,76.09766678768443,76.10407257080078,4589000,0.371,0.0,0.0,-0.0025962201274702945,-0.0025995961514790446,0.02579542692393613,0.027462359666440398
2013-02-04 00:00:00-05:00,76.25791965727568,76.46301723947234,76.25150898254425,76.36046600341797,2581400,0.0,0.0,0.0,0.0033689843914550544,0.003363322077474381,0.04460394970106161,0.03091171011544925
2013-02-05 00:00:00-05:00,76.21945097943444,76.32200220268075,76.18740738960356,76.20663452148438,2814700,0.0,0.0,0.0,-0.002014543519505363,-0.002016575441690422,0.04415558893727112,0.030363266646160132
2013-02-06 00:00:00-05:00,76.32200001480162,76.45018415027347,76.2450865995717,76.40531921386719,1970200,0.0,0.0,0.0,0.00260718366098156,0.0026037908534958833,0.042459885511017044,0.03204379905764674
2013-02-07 00:00:00-05:00,76.34765002589509,76.59120187819379,76.34123935112319,76.43096923828125,1680000,0.0,0.0,0.0,0.0003357099306433575,0.0003356535926730493,0.042358581905154895,0.03218569201205108
2013-02-08 00:00:00-05:00,76.52710772279221,76.59761047363281,76.37969154651313,76.59761047363281,1496700,0.0,0.0,0.0,0.0021802842095597352,0.002177910839064592,0.03430535850890009,0.033406299214170536
2013-02-11 00:00:00-05:00,76.57835982550537,76.60399273620202,76.53349489692054,76.55912780761719,749100,0.0,0.0,0.0,-0.0005024003461422399,-0.0005025265914817141,0.030344867821698224,0.03234877261346112
2013-02-12 00:00:00-05:00,76.3796875409913,76.55914730102448,76.37328175664133,76.48223876953125,1520200,0.0,0.0,0.0,-0.0010043092220061167,-0.001004813878428513,0.02548466920578063,0.03194985387804677
2013-02-13 00:00:00-05:00,76.22582862029083,76.3796504985889,76.22582862029083,76.30274200439453,2317800,0.0,0.0,0.0,-0.002346907831471956,-0.0023496661361596793,0.026654892594140292,0.032617698829271256
2013-02-14 00:00:00-05:00,76.321990787811,76.56554257172772,76.31558011483904,76.51426696777344,3180500,0.0,0.0,0.0,0.002772180367603516,0.002768344962263425,0.03456685450799606,0.03466389490671869
2013-02-15 00:00:00-05:00,76.51428236101619,76.53992016815117,76.39891467386461,76.48223876953125,1363600,0.0,0.0,0.0,-0.00041859119235476694,-0.0004186788261039224,0.02988795615895878,0.03431069255588615
2013-02-19 00:00:00-05:00,76.5079081714264,76.655319510938,76.4053569005368,76.46304321289062,1842300,0.0,0.0,0.0,-0.0002509805799287834,-0.0002510120808253866,0.029833943143231872,0.03394560039883559
2013-02-20 00:00:00-05:00,76.37328013168866,76.60401061117098,76.37328013168866,76.59119415283203,1369800,0.0,0.0,0.0,0.0016759853460790453,0.0016745824499091295,0.03158005033938143,0.03472835642430208
2013-02-21 00:00:00-05:00,76.70657913155829,76.79630902989598,76.66171418238945,76.7129898071289,3578100,0.0,0.0,0.0,0.001590204404619211,0.0015889413684081843,0.02173137161170118,0.034957505837192426
2013-02-22 00:00:00-05:00,76.7578382953057,76.81551969333306,76.70015200736667,76.76424407958984,1914300,0.0,0.0,0.0,0.0006681302943583045,0.0006679071946807561,0.015655855830734727,0.03487097029739526
2013-02-25 00:00:00-05:00,76.53992486916991,77.25135816864834,76.53351908442652,77.21931457519531,2643500,0.0,0.0,0.0,0.0059281570614262424,0.005910654675551502,0.03766136185965674,0.03730343676020408
2013-02-26 00:00:00-05:00,77.1167582710785,77.28980735610314,77.07830400549784,77.1231689453125,1574100,0.0,0.0,0.0,-0.0012450982038850755,-0.0012458739826677729,0.04171821488122592,0.03749995138776454
2013-02-27 00:00:00-05:00,77.24493781952098,77.28339697272466,77.020613133797,77.09752655029297,941400,0.0,0.0,0.0,-0.00033248627319393265,-0.00033254155900972,0.04422374057398817,0.03637463637040532
2013-02-28 00:00:00-05:00,77.16162321089315,77.16162321089315,76.9821634516345,77.1231689453125,2231100,0.0,0.0,0.0,0.00033259685708331155,0.0003325415590096113,0.044642096577654694,0.03360735645703862
2013-03-01 00:00:00-05:00,77.22860910473372,77.33790582333017,77.1450252215597,77.29933166503906,1363700,0.374,0.0,0.0,0.0022841737721057687,0.002281569012922827,0.04519578539229515,0.03414991738436373
2013-03-04 00:00:00-05:00,77.27361874093212,77.299336483115,77.17717843403574,77.24147033691406,1733400,0.0,0.0,0.0,-0.0007485359430496885,-0.0007488162359603145,0.021783818651296593,0.03240446491133904
2013-03-05 00:00:00-05:00,77.2414759660063,77.2479066283101,77.0550260004609,77.1128921508789,1395400,0.0,0.0,0.0,-0.0016646263396374872,-0.001666013369534175,0.0235009511482658,0.03191865596767423
2013-03-06 00:00:00-05:00,76.92004209589652,77.02933887271205,76.85575016277917,76.88789367675781,1014700,0.0,0.0,0.0,-0.002917780254965141,-0.0029220452740526272,0.0314494125652428,0.03300216835644499
2013-03-07 00:00:00-05:00,76.69495871911495,76.76568126254057,76.63709259033203,76.63709259033203,1964000,0.0,0.0,0.0,-0.0032619060613127138,-0.0032672376741931216,0.035267081460433204,0.03445111041231542
2013-03-08 00:00:00-05:00,76.42494683010466,76.52781288554952,76.28350171185528,76.36708068847656,2526900,0.0,0.0,0.0,-0.0035232534628999446,-0.0035294747374316703,0.018678854216283812,0.03682228735890941
2013-03-11 00:00:00-04:00,76.36703683927168,76.48276415092101,76.36703683927168,76.41847229003906,2632500,0.0,0.0,0.0,0.0006729549054276251,0.0006727285728106598,0.027398700525615164,0.03599670298260587
2013-03-12 00:00:00-04:00,76.50212287422569,76.61785029427088,76.47640512475353,76.57284545898438,3172900,0.0,0.0,0.0,0.00202010278822895,0.00201806512432367,0.04068396812446021,0.03674220431713283
2013-03-13 00:00:00-04:00,76.43782905217773,76.57927421817746,76.43782905217773,76.50212097167969,1958600,0.0,0.0,0.0,-0.0009236236015621735,-0.0009240504046647049,0.038402375261133964,0.03671372327204683
2013-03-14 00:00:00-04:00,76.39921103884512,76.59208668666683,76.39278037903753,76.53422546386719,1669600,0.0,0.0,0.0,0.0004196549295591989,0.0004195668990566757,0.0333177429578366,0.035650586562487596
2013-03-15 00:00:00-04:00,76.4956524086371,76.69495871911495,76.4956524086371,76.63709259033203,1188500,0.0,0.0,0.0,0.0013440669954045692,0.0013431645459050527,0.017520941424750105,0.03460452982930616
2013-03-18 00:00:00-04:00,76.77211679628908,76.84283443904789,76.7206813241403,76.82354736328125,1665700,0.0,0.0,0.0,0.0024329572880057437,0.002430002439133406,0.02134560341493087,0.03552503880451655
2013-03-19 00:00:00-04:00,76.8878440113603,77.03571977665452,76.87498759510541,76.95214080810547,1354600,0.0,0.0,0.0,0.0016738805904930043,0.0016724812137528001,0.020487386629819124,0.03583863044919797
2013-03-20 00:00:00-04:00,76.78497795243541,76.88141824237943,76.72068606085838,76.72711181640625,1905100,0.0,0.0,0.0,-0.0029242720129173394,-0.002928556050151987,0.0332219622639962,0.037225544613158135
2013-03-21 00:00:00-04:00,76.88145164738859,76.89430806922735,76.71428873253046,76.8042984008789,1854000,0.0,0.0,0.0,0.0010059884002586728,0.001005482733029775,0.03329407954068632,0.0369704266122276
2013-03-22 00:00:00-04:00,76.76567939621181,76.90712447962423,76.72710034290904,76.81068420410156,997900,0.0,0.0,0.0,8.314382600471681e-05,8.314036974839171e-05,0.03297480281755115,0.036901483305686496
2013-03-25 00:00:00-04:00,76.74639232213852,76.88140674580778,76.66923912068914,76.81068420410156,1089700,0.0,0.0,0.0,0.0,0.0,0.02791270256291938,0.0296220345653595
2013-03-26 00:00:00-04:00,76.68851287641779,76.87496273533958,76.6756564643204,76.86210632324219,918000,0.0,0.0,0.0,0.0006694657087547018,0.0006692417165515933,0.024779895110130422,0.02956018255587017
2013-03-27 00:00:00-04:00,76.92644982192594,77.18362238286872,76.92644982192594,77.13218688964844,1847200,0.0,0.0,0.0,0.0035138324894510298,0.0035076734038489007,0.022804138239207215,0.032301947780760044
2013-03-28 00:00:00-04:00,76.9843024869466,77.11289120565593,76.97787672987968,77.08717346191406,1874300,0.0,0.0,0.0,-0.0005835881173545943,-0.0005837584711808231,0.02563377724536267,0.032349700027177034
2013-04-01 00:00:00-04:00,77.01492734917429,77.24064420958341,76.93109106395333,76.97623443603516,5877400,0.368,0.0,0.0,-0.0014391372895999899,-0.0014401738422829204,0.029986940496930313,0.03151934227190357
2013-04-02 00:00:00-04:00,77.02140433463353,77.04720125903036,76.92466709821043,76.96981048583984,1319200,0.0,0.0,0.0,-8.34536820666365e-05,-8.345716451891207e-05,0.030068444712801762,0.031456285410311376
2013-04-03 00:00:00-04:00,77.0794330039518,77.27935791015625,77.06008654341,77.27935791015625,1421000,0.0,0.0,0.0,0.004021673203591369,0.004013607892711329,0.0397211880573519,0.034236055975634394
2013-04-04 00:00:00-04:00,77.36316553923749,77.70496600281923,77.36316553923749,77.69207000732422,2660900,0.0,0.0,0.0,0.005340521820170752,0.0053263118036650375,0.04800807276709386,0.0369883977101318
2013-04-05 00:00:00-04:00,77.93070983886719,78.0661448999279,77.8662199985227,77.93070983886719,3268500,0.0,0.0,0.0,0.0030716111891531117,0.0030669034293127513,0.0451775364954987,0.03518091190216006
2013-04-08 00:00:00-04:00,78.03389532861529,78.05969224808065,77.96295503015035,78.00164794921875,2276800,0.0,0.0,0.0,0.0009102715796922567,0.0009098575337616373,0.035315475441847134,0.031181198402741035
2013-04-09 00:00:00-04:00,78.04679314719564,78.14998082746203,78.02100114738846,78.07904052734375,3157000,0.0,0.0,0.0,0.0009921915774828705,0.0009916996807632897,0.030573513515381987,0.031149039001883278
2013-04-10 00:00:00-04:00,77.9049051509289,78.00163743556159,77.8146184050993,77.8726577758789,2181600,0.0,0.0,0.0,-0.002643254195632272,-0.0026467537601897275,0.04694796955048149,0.03358039391542847
2013-04-11 00:00:00-04:00,77.9565665204041,78.02106133044961,77.8791806207706,77.92432403564453,1496900,0.0,0.0,0.0,0.0006634711237714086,0.0006632511241089399,0.032612035465540354,0.032938730876742546
2013-04-12 00:00:00-04:00,78.16284910703338,78.35632347878777,78.06611684141384,78.3111801147461,1358900,0.0,0.0,0.0,0.004964509912522397,0.0049522273676238385,0.04282401069743494,0.035839713839095094
2013-04-15 00:00:00-04:00,78.29186223471736,78.3756985356034,78.24026839405234,78.33700561523438,1024800,0.0,0.0,0.0,0.0003297805045261448,0.0003297261388877188,0.043078902638125166,0.0359478083418417
2013-04-16 00:00:00-04:00,78.19508361816406,78.27247433819203,78.1821876249545,78.19508361816406,1629800,0.0,0.0,0.0,-0.0018116852432091823,-0.001813328329723038,0.04696588520317111,0.03700233440799957
2013-04-17 00:00:00-04:00,78.24027394866536,78.44019394511115,78.24027394866536,78.30476379394531,1373200,0.0,0.0,0.0,0.0014026479761417576,0.0014016651843691908,0.03911646268810896,0.03693837606169019
2013-04-18 00:00:00-04:00,78.32408518829773,78.45952021637811,78.32408518829773,78.37567901611328,1656700,0.0,0.0,0.0,0.0009056310080262087,0.0009052211716865259,0.038979948836499655,0.03410813456236076
2013-04-19 00:00:00-04:00,78.43378950337089,78.5305218618478,78.33705222463159,78.49182891845703,877900,0.0,0.0,0.0,0.0014819635861766933,0.0014808665618409845,0.021458610541118715,0.03413891813254562
2013-04-22 00:00:00-04:00,78.51754760742188,78.5562405122532,78.46595378747512,78.51754760742188,1271500,0.0,0.0,0.0,0.0003276607172901791,0.00032760704824052436,0.021459436594747604,0.034054248456421014
2013-04-23 00:00:00-04:00,78.62078094482422,78.73685972678777,78.55628617227512,78.62078094482422,1659700,0.0,0.0,0.0,0.0013147804605220248,0.0013139168935434574,0.007600738577478161,0.03380901359602314
2013-04-24 00:00:00-04:00,78.58851766807521,78.70460134682718,78.55627028832103,78.65300750732422,1366900,0.0,0.0,0.0,0.0004098987839185053,0.0004098147983615777,0.008240253665906933,0.03387221703773454
2013-04-25 00:00:00-04:00,78.6207652999296,78.69170067914942,78.56917146026122,78.60786437988281,1067100,0.0,0.0,0.0,-0.0005739529723285397,-0.0005741177463871524,0.013226735781159614,0.03319695346269741
2013-04-26 00:00:00-04:00,78.77557124589147,78.90455097285344,78.77557124589147,78.89165496826172,1294500,0.0,0.0,0.0,0.0036102060603941943,0.003603704908794513,0.025334988685652364,0.03395631605136941
2013-04-29 00:00:00-04:00,79.02707117224836,79.03352163353327,78.87229454323253,78.89808654785156,875700,0.0,0.0,0.0,8.152420674201188e-05,8.152088382446701e-05,0.025813096438244414,0.032822772079545946
2013-04-30 00:00:00-04:00,78.88516840606587,79.04639545111753,78.74328781917897,78.76263427734375,2347500,0.0,0.0,0.0,-0.0017168004502322587,-0.0017182758410013842,0.031579123326808345,0.03417759187815845
2013-05-01 00:00:00-04:00,78.88037786897338,79.16498270464325,78.88037786897338,79.11323547363281,4063500,0.362,0.0,0.0,0.004451364527175539,0.004441486507029507,0.04295053830497267,0.034686002619678497
2013-05-02 00:00:00-04:00,78.97093305579787,79.17145234224145,78.97093305579787,79.11323547363281,1799000,0.0,0.0,0.0,0.0,0.0,0.04165571298771487,0.031184402616388274
2013-05-03 00:00:00-04:00,78.84155697074823,78.84155697074823,78.36290749969432,78.36937713623047,2882200,0.0,0.0,0.0,-0.009402451220064889,-0.009446933311239825,0.08035808131950782,0.04708854818948654
2013-05-06 00:00:00-04:00,78.45992448842762,78.52460604268242,78.31762210813531,78.35643005371094,1839300,0.0,0.0,0.0,-0.00016520588771584688,-0.00016521953571168842,0.08010620192731309,0.047053841000069846
2013-05-07 00:00:00-04:00,78.29820251464844,78.43403523195039,78.25938964192981,78.29820251464844,3886100,0.0,0.0,0.0,-0.0007431111782733035,-0.0007433874222467421,0.08013628609469185,0.0470847397939891
2013-05-08 00:00:00-04:00,78.27881702938451,78.4405233985812,78.24000907994106,78.36937713623047,2379000,0.0,0.0,0.0,0.0009090198663082028,0.0009086069579585138,0.06741216753618691,0.045970592647309405
2013-05-09 00:00:00-04:00,78.36290876438457,78.5310847728316,78.20120239257812,78.20120239257812,825800,0.0,0.0,0.0,-0.002145924209146166,-0.002148230003799485,0.06533047364987618,0.046768506777854664
2013-05-10 00:00:00-04:00,78.17529245115529,78.17529245115529,77.65136562914628,77.79366302490234,2808200,0.0,0.0,0.0,-0.005211420735321881,-0.005225047552364612,0.03752036935586307,0.046914157526903914
2013-05-13 00:00:00-04:00,77.63846301184728,77.72255348413127,77.55437747445015,77.59318542480469,2498400,0.0,0.0,0.0,-0.0025770428117452004,-0.0025803691024633077,0.03611140112038753,0.04750513038286659
2013-05-14 00:00:00-04:00,77.76782188309353,77.81956416582406,77.3667883488926,77.38619232177734,2325000,0.0,0.0,0.0,-0.0026676711607354076,-0.0026712357362678463,0.03459987332076306,0.04792049705141072
2013-05-15 00:00:00-04:00,77.70313738509967,77.71607665727863,77.40559827850669,77.6578598022461,2081600,0.0,0.0,0.0,0.0035105420271763776,0.0035043944578466157,0.05101764376361756,0.049594435701398355
2013-05-16 00:00:00-04:00,77.80018010190018,78.10418891458657,77.80018010190018,78.01363372802734,2916500,0.0,0.0,0.0,0.004581299648061643,0.004570837436344153,0.06786735533476368,0.052517828060432606
2013-05-17 00:00:00-04:00,77.94245448474236,77.97479772611773,77.64491541665494,77.67725372314453,909500,0.0,0.0,0.0,-0.004311810497835689,-0.0043211331607421665,0.06410652333639046,0.05402354361753497
2013-05-20 00:00:00-04:00,77.76781568668103,77.81955796528882,77.53495816084533,77.58670043945312,2097100,0.0,0.0,0.0,-0.001165763197732983,-0.0011664432282039493,0.06167548896729537,0.05397430294571863
2013-05-21 00:00:00-04:00,77.56082644536497,77.88423910517908,77.44439769043646,77.87776947021484,2007700,0.0,0.0,0.0,0.003751532532161983,0.0037445130843059026,0.061087077402327286,0.055778158146433714
2013-05-22 00:00:00-04:00,77.89074258484806,78.00717139774316,77.25685621955428,77.26332092285156,2886300,0.0,0.0,0.0,-0.00788990942528578,-0.007921199452981876,0.08407277289983398,0.06152822219762489
2013-05-23 00:00:00-04:00,77.44439865701713,77.49614093272017,77.12098599316651,77.34090423583984,2568500,0.0,0.0,0.0,0.0010041415779389329,0.0010036377650227842,0.07207228937989296,0.061887563956253167
2013-05-24 00:00:00-04:00,77.38616355719098,77.49612265259,77.26973482827307,77.28913879394531,1090900,0.0,0.0,0.0,-0.0006693151884632487,-0.000669539279871437,0.06837157094521107,0.05966264483510717
2013-05-28 00:00:00-04:00,77.18567932887092,77.28916883097034,76.53885390236879,76.54531860351562,1683700,0.0,0.0,0.0,-0.009623864388148107,-0.009670473049046285,0.09199706069013769,0.06680713555128319
2013-05-29 00:00:00-04:00,76.59059842510499,76.7005575593674,76.42242243836554,76.51297760009766,3574100,0.0,0.0,0.0,-0.00042250792090225975,-0.0004225972025228859,0.07717606592020368,0.06691037931005168
2013-05-30 00:00:00-04:00,76.53236454382616,76.71347482699252,76.48708697303456,76.6099853515625,1759000,0.0,0.0,0.0,0.0012678601004376677,0.0012670570445238937,0.07170019174781675,0.06408775529873022
2013-05-31 00:00:00-04:00,76.53237938716022,76.61646491068569,75.98904843228293,76.2283706665039,4297500,0.0,0.0,0.0,-0.004981265605356389,-0.004993713463468703,0.07011160779408883,0.06487415884734943
2013-06-03 00:00:00-04:00,76.07330213580725,76.39770854150366,75.86568223416351,76.02788543701172,10863900,0.361,0.0,0.0,-0.002630060537031631,-0.002633525222467463,0.06754114027273316,0.05856076855646389
2013-06-04 00:00:00-04:00,75.87867061385128,76.07331647397521,75.72295689578205,75.72944641113281,3726500,0.0,0.0,0.0,-0.003925389009091451,-0.003933113569757887,0.04052186815069023,0.05893621305147039
2013-06-05 00:00:00-04:00,75.78779781848972,75.91107379584854,75.57369342366557,75.61911010742188,4575200,0.0,0.0,0.0,-0.0014569801964736673,-0.0014580426242029592,0.038370792430855886,0.05883735648138775
2013-06-06 00:00:00-04:00,75.63211014917752,76.20955316236113,75.53478723627094,75.94354248046875,2500000,0.0,0.0,0.0,0.004290348994929971,0.004281171687551697,0.05752135240278876,0.061990680945661285
2013-06-07 00:00:00-04:00,75.83977992598128,76.04091044821672,75.51537330299391,75.64513397216797,3159800,0.0,0.0,0.0,-0.00392934670354006,-0.003937086868813495,0.054175278980806305,0.06253371546503146
2013-06-10 00:00:00-04:00,75.40503239691988,75.57372512880599,75.30770947659907,75.4115219116211,2911100,0.0,0.0,0.0,-0.0030882628964981063,-0.0030930414211200073,0.054854682226831306,0.061374633648761404
2013-06-11 00:00:00-04:00,74.93786482707134,75.2947137824575,74.76268758082135,75.26876068115234,3983700,0.0,0.0,0.0,-0.0018930957345756338,-0.001894889905020961,0.051257718214026415,0.06127027133756022
2013-06-12 00:00:00-04:00,75.13248463025671,75.32712539766483,74.93783891280238,75.00920867919922,3469000,0.0,0.0,0.0,-0.0034483363297639347,-0.003454295545015139,0.053738375938605566,0.0615276121031484
2013-06-13 00:00:00-04:00,75.15849449024364,75.85272914255872,75.12605681072863,75.81379699707031,2474400,0.0,0.0,0.0,0.01072652720964129,0.010669406127495219,0.09881078891483766,0.07355732160278468
2013-06-14 00:00:00-04:00,75.86568376583284,76.0084233792289,75.74240774516372,75.76187133789062,1283900,0.0,0.0,0.0,-0.0006849104152070185,-0.0006851450734981708,0.09392157391198017,0.07038327048647379
2013-06-17 00:00:00-04:00,75.852700870003,75.98246143979797,75.6191278843333,75.65156555175781,1868600,0.0,0.0,0.0,-0.0014559538219542922,-0.0014570147526225376,0.0908519588385762,0.06957065771783374
2013-06-18 00:00:00-04:00,75.44396937251668,75.62563620732384,75.36611498619932,75.50236511230469,1748400,0.0,0.0,0.0,-0.0019722055765131197,-0.001974152934746224,0.09099303004643598,0.06960717672192167
2013-06-19 00:00:00-04:00,75.5866945143111,75.62562170000234,74.39936585023761,74.43180847167969,2823000,0.0,0.0,0.0,-0.014179113979179592,-0.01428059806086089,0.14000567322408783,0.08042985488926364
2013-06-20 00:00:00-04:00,73.88035114476776,73.89332522903779,73.17963179295667,73.4067153930664,6649600,0.0,0.0,0.0,-0.013772244684922774,-0.013867961890026597,0.10986001907705163,0.08823421746997158
2013-06-21 00:00:00-04:00,73.48452370982865,73.6272632879147,72.79677891996388,72.80326843261719,4107600,0.0,0.0,0.0,-0.008220596129631663,-0.008254571556956858,0.09742984381868809,0.08938512495381322
2013-06-24 00:00:00-04:00,72.2972158858653,72.73191930622528,71.95983538276258,72.32965850830078,6063600,0.0,0.0,0.0,-0.006505338764491775,-0.006526590698203378,0.08163945877496391,0.08976360690159046
2013-06-25 00:00:00-04:00,72.79030870108463,72.97197549079337,72.44643871341468,72.56970977783203,3653200,0.0,0.0,0.0,0.0033188497565448394,0.0033133545298892507,0.11275845585374633,0.0894171082370769
2013-06-26 00:00:00-04:00,73.1536584470939,73.31586168090121,72.99794472865285,73.1212158203125,2010000,0.0,0.0,0.0,0.007599672703237692,0.007570940668196335,0.13896617013236964,0.09633224192108977
2013-06-27 00:00:00-04:00,73.47157238658076,73.8284214663439,73.47157238658076,73.78300476074219,1544800,0.0,0.0,0.0,0.00905057353061478,0.00900986254414092,0.12676819713854515,0.1037724454474678
2013-06-28 00:00:00-04:00,73.40019390104071,73.77001701727319,73.23799069304314,73.73757934570312,2960300,0.0,0.0,0.0,-0.0006156623084999646,-0.0006158519063618504,0.10051410520603594,0.10318505763535026
2013-07-01 00:00:00-04:00,73.60286061468506,74.1626280715942,73.60286061468506,73.92830657958984,2849900,0.363,0.0,0.0,0.0025865676033727247,0.0025832281945542598,0.06223501094064921,0.10417764344154223
2013-07-02 00:00:00-04:00,74.07800904465297,74.31233053698034,73.98037922777603,74.16262817382812,2214800,0.0,0.0,0.0,0.003169578813306373,0.0031645662873173858,0.06240535490882433,0.10491882754202579
2013-07-03 00:00:00-04:00,74.13655120542273,74.2537118872742,73.92175579437694,73.94779205322266,2132000,0.0,0.0,0.0,-0.002896824531378739,-0.0029010284481973477,0.07183461921404294,0.1051219261816626
2013-07-05 00:00:00-04:00,73.01709991319913,73.17982299154322,72.70466941777619,73.01058959960938,2500100,0.0,0.0,0.0,-0.012673839577776014,-0.012754837782494043,0.10176279966189443,0.1106926187288668
2013-07-08 00:00:00-04:00,73.25141015105025,73.6093978881836,73.25141015105025,73.6093978881836,3096700,0.0,0.0,0.0,0.00820166351015783,0.008168212645351412,0.12612528482328397,0.11605294748373297
2013-07-09 00:00:00-04:00,73.58332926911639,73.88273893901925,73.58332926911639,73.67445373535156,4037000,0.0,0.0,0.0,0.0008837981159253161,0.0008834077963293455,0.12421580344006249,0.11611471965097565
2013-07-10 00:00:00-04:00,73.71999052975534,73.84365656788025,73.42058096317037,73.45963287353516,2908800,0.0,0.0,0.0,-0.0029158120749435135,-0.0029200713364573912,0.11982160416877792,0.11625946692875128
2013-07-11 00:00:00-04:00,74.11057520288682,74.33187613414343,73.9413418657471,74.32537078857422,2179100,0.0,0.0,0.0,0.011785219734619101,0.011716314876750048,0.15277721181514212,0.12461033919444513
2013-07-12 00:00:00-04:00,74.4099494910455,74.52711021228637,74.03243105972373,74.11705017089844,2008800,0.0,0.0,0.0,-0.002802819756774211,-0.0028067550109942578,0.1057117750947076,0.11760409277233567
2013-07-15 00:00:00-04:00,74.26026020667777,74.60523711161224,74.16913573093251,74.59221649169922,3308200,0.0,0.0,0.0,0.006411025799126557,0.006390562586782885,0.10084562985707717,0.12059945748872469
2013-07-16 00:00:00-04:00,74.54667085792963,74.59223310595054,74.39045814555975,74.48158264160156,1625900,0.0,0.0,0.0,-0.0014831822313521315,-0.0014842832349117715,0.10481225399802634,0.1206016096570176
2013-07-17 00:00:00-04:00,74.7744673755293,74.9502109875164,74.68334289742918,74.7614517211914,1248400,0.0,0.0,0.0,0.0037575608581861264,0.003750518861359675,0.09449576164609809,0.1215437360207639
2013-07-18 00:00:00-04:00,74.82001716637329,74.82001716637329,74.47504527583027,74.56616973876953,1119900,0.0,0.0,0.0,-0.0026120678227349314,-0.002615485224176951,0.06638875282583782,0.11068339356649086
2013-07-19 00:00:00-04:00,74.70284848101336,74.98924245742752,74.67681717943958,74.97622680664062,2734900,0.0,0.0,0.0,0.0054992373794666705,0.005484171781218582,0.06530771440409855,0.09915651565655806
2013-07-22 00:00:00-04:00,75.06079453780166,75.15842923901697,75.04126859074003,75.1454086303711,2235900,0.0,0.0,0.0,0.002256472897292916,0.002253930885593614,0.0546863926813334,0.09290407561427874
2013-07-23 00:00:00-04:00,74.93721106801658,75.099934104705,74.85910718859046,75.02833557128906,827300,0.0,0.0,0.0,-0.0015579535891260266,-0.001559168460792033,0.05494391668429514,0.08874550666720282
2013-07-24 00:00:00-04:00,74.67029814938503,74.77443824124705,74.39041451401067,74.66378784179688,1960700,0.0,0.0,0.0,-0.004858800701313837,-0.004870643048750971,0.06538832002975253,0.09164790350509591
2013-07-25 00:00:00-04:00,74.31883019299146,74.57267761230469,74.2862836147572,74.57267761230469,2109200,0.0,0.0,0.0,-0.0012202733363225748,-0.0012210184760747082,0.0629273056767831,0.08909661550935455
2013-07-26 00:00:00-04:00,74.63775147956731,74.71586027279376,74.52059077268248,74.65077209472656,1022700,0.0,0.0,0.0,0.0010472264765370998,0.001046678517415353,0.04344298953314611,0.08387951689648622
2013-07-29 00:00:00-04:00,74.55315876944961,74.64428323811259,74.48807057267763,74.5271224975586,2211900,0.0,0.0,0.0,-0.0016563739891539697,-0.0016577472932295478,0.03345400267380683,0.08416012341592226
2013-07-30 00:00:00-04:00,74.67030952223205,74.7093614418895,74.43598807246647,74.54663848876953,1331900,0.0,0.0,0.0,0.0002618642791631931,0.0002618299986972647,0.036152626573585235,0.08381639367277478
2013-07-31 00:00:00-04:00,74.12355539646224,74.62474485661177,74.00639467540614,74.55314636230469,2282100,0.0,0.0,0.0,8.729935604190331e-05,8.729554567488075e-05,0.017690084069383948,0.08319184921217282
2013-08-01 00:00:00-04:00,74.39644017258792,74.39644017258792,73.85454797758021,73.9590072631836,1845700,0.35,0.0,0.0,-0.00796933634743957,-0.008001261234916445,0.05826313755446058,0.08758973578902184
2013-08-02 00:00:00-04:00,74.20057801611908,74.4095015709114,74.18099221115894,74.32462310791016,1772000,0.0,0.0,0.0,0.004943493135670662,0.004931314194662065,0.07403936857595841,0.07516349382909475
2013-08-05 00:00:00-04:00,74.22019208782882,74.31812613105816,74.02432400137012,74.04391479492188,3111500,0.0,0.0,0.0,-0.0037767875738936585,-0.0037839376446258707,0.07693787735133452,0.07168196778034645
2013-08-06 00:00:00-04:00,74.0112513966214,74.16794284099738,73.95901925478567,74.089599609375,1047200,0.0,0.0,0.0,0.0006169962052877676,0.0006168059413864786,0.07742909703124354,0.07165959775926031
2013-08-07 00:00:00-04:00,74.17445941888907,74.33768109616308,74.16139889527419,74.2528076171875,946000,0.0,0.0,0.0,0.002202846400479741,0.0022004236915990193,0.0810506990092523,0.07092147561115757
2013-08-08 00:00:00-04:00,74.37035138904723,74.54009840169738,74.35729086122375,74.4095230102539,960900,0.0,0.0,0.0,0.0021105652176056644,0.0021083411037119445,0.050795319970266,0.05766279377534365
2013-08-09 00:00:00-04:00,74.44216436754883,74.48134096988738,74.26588709098694,74.4095230102539,539600,0.0,0.0,0.0,0.0,0.0,0.03862895920648518,0.05666500400825557
2013-08-12 00:00:00-04:00,74.48133564223701,74.54662333328872,74.33116946979969,74.37034606933594,1042800,0.0,0.0,0.0,-0.0005265043953119886,-0.0005266430474205623,0.019581120058764376,0.0517194872583794
2013-08-13 00:00:00-04:00,73.95906500624368,74.04394353451583,73.77625737786408,73.84154510498047,1221600,0.0,0.0,0.0,-0.007110373856032193,-0.007135773034265322,0.060413168783752746,0.05721715593845346
2013-08-14 00:00:00-04:00,73.78928124391453,73.87415973573779,73.69135218586023,73.71746826171875,1723700,0.0,0.0,0.0,-0.00168031212084363,-0.0016817254286760992,0.054833425102432394,0.05516370729024545
2013-08-15 00:00:00-04:00,73.18207649894254,73.39753033098867,73.11678881741878,73.19513702392578,1793800,0.0,0.0,0.0,-0.007085582971169568,-0.0071108049263101155,0.05615480297382133,0.059350035798016315
2013-08-16 00:00:00-04:00,73.16906609762651,73.26046990437862,72.70551679734545,72.8295669555664,2469000,0.0,0.0,0.0,-0.004994458419278258,-0.0050069724111924405,0.048436676791388876,0.055882280410147846
2013-08-19 00:00:00-04:00,72.6793696433144,72.75771786466689,72.42474415033352,72.4312744140625,4884400,0.0,0.0,0.0,-0.005468830286288862,-0.005483839084028436,0.03521548687434734,0.05582274408940917
2013-08-20 00:00:00-04:00,72.65978264189265,72.95357975016664,72.65978264189265,72.87523651123047,2100500,0.0,0.0,0.0,0.006129425455501547,0.006110716936687037,0.08367340653343361,0.06258291133849313
2013-08-21 00:00:00-04:00,72.73814521747661,72.9013669723158,72.39864117797683,72.43781280517578,2310800,0.0,0.0,0.0,-0.00600236413623545,-0.006020450735066933,0.08620330706826336,0.06353409813877013
2013-08-22 00:00:00-04:00,72.50309379674022,72.79689091560607,72.50309379674022,72.7707748413086,2507700,0.0,0.0,0.0,0.004596522496176592,0.0045859907472631375,0.09491247575931017,0.06713248942811356
2013-08-23 00:00:00-04:00,72.75117846034568,73.26695964523272,72.71853212693429,73.26042938232422,2327600,0.0,0.0,0.0,0.006728725124659052,0.006706188293367967,0.10125823774834702,0.07248613357194787
2013-08-26 00:00:00-04:00,73.33224291869365,73.43017693190424,73.29307130586174,73.41059112548828,1385700,0.0,0.0,0.0,0.0020496978304673785,0.0020476000659024945,0.08238793739830397,0.07318372757724534
2013-08-27 00:00:00-04:00,73.45627233281694,73.75659956933193,73.41709574987712,73.72395324707031,2398500,0.0,0.0,0.0,0.004268622780143172,0.004259538053595264,0.07847492404124064,0.07526676189841339
2013-08-28 00:00:00-04:00,73.6064877720021,73.73706817626953,73.4824426143644,73.73706817626953,2488300,0.0,0.0,0.0,0.0001778923758370965,0.0001778765548646651,0.039952793934618855,0.07527752635244996
2013-08-29 00:00:00-04:00,73.54771264358841,73.8219239549245,73.4628341559378,73.80886840820312,2273100,0.0,0.0,0.0,0.000973733207861649,0.0009732594372074722,0.04226726865115497,0.07008478232489242
2013-08-30 00:00:00-04:00,73.77622206970182,73.96555987451919,73.65217196075515,73.80886840820312,1668800,0.0,0.0,0.0,0.0,0.0,0.02777152536703241,0.06752359279791136
2013-09-03 00:00:00-04:00,73.36078220600032,73.53763189286056,73.03983018309495,73.51798248291016,5473600,0.366,0.0,0.0,-0.003941070112119971,-0.003948856593713928,0.04648235251477446,0.06763693258704248
2013-09-04 00:00:00-04:00,73.53769638750403,73.60320114119713,73.22329555794592,73.24949645996094,2335000,0.0,0.0,0.0,-0.0036519775690475598,-0.0036586623191308884,0.03684663761829271,0.0685210462623192
2013-09-05 00:00:00-04:00,72.96125124186617,72.98090065819817,72.52894909063717,72.6468505859375,2703800,0.0,0.0,0.0,-0.008227303983623258,-0.008261335033441295,0.05801326089349776,0.07280887627324553
2013-09-06 00:00:00-04:00,72.97433003281114,73.1315303087487,72.69922330328708,72.75162506103516,1960600,0.0,0.0,0.0,0.0014422438722752062,0.0014412048374893727,0.06007802628828709,0.07245791966968834
2013-09-09 00:00:00-04:00,73.00715779069021,73.0988584690916,72.8827047282974,72.94165802001953,1615600,0.0,0.0,0.0,0.0026120785456675844,0.0026086729975868467,0.06999768683710932,0.07357616668679326
2013-09-10 00:00:00-04:00,72.73205475922504,72.91545611351563,72.5879522673361,72.6207046508789,2115900,0.0,0.0,0.0,-0.004400138108356932,-0.004409847207429032,0.07072583528679302,0.07453424276945574
2013-09-11 00:00:00-04:00,72.77787953288724,72.9612808227539,72.58792676915097,72.9612808227539,2301300,0.0,0.0,0.0,0.0046897943707968626,0.004678831547406248,0.08509198818568915,0.0738462778669119
2013-09-12 00:00:00-04:00,73.09880431587749,73.20360786915951,72.85645484420262,72.90885162353516,1860200,0.0,0.0,0.0,-0.0007185893480422534,-0.0007188476571206612,0.05507452798996393,0.07373662874655572
2013-09-13 00:00:00-04:00,72.92853390211944,73.05953840275274,72.91543595071147,72.9547348022461,1255400,0.0,0.0,0.0,0.0006293224716782397,0.0006291245313327447,0.054708793453562915,0.06962556780371122
2013-09-16 00:00:00-04:00,73.635925307499,73.64902825303143,72.9940209010758,73.03987121582031,2311100,0.0,0.0,0.0,0.0011669758488601634,0.0011662954618229678,0.05220257699888327,0.06734351967491885
2013-09-17 00:00:00-04:00,73.15123998164849,73.25603858617261,73.0726372802723,73.23638916015625,1020100,0.0,0.0,0.0,0.002690557103465663,0.0026869440340309193,0.03291785193062073,0.06447696095271296
2013-09-18 00:00:00-04:00,73.16430708725862,74.48087304571031,72.98090585868002,74.3105697631836,5100000,0.0,0.0,0.0,0.014667306995137075,0.014560782403867519,0.09934866775352057,0.07960499948805919
2013-09-19 00:00:00-04:00,74.27784303343837,74.38264162289212,73.79313893793085,73.8389892578125,5030300,0.0,0.0,0.0,-0.0063460757584546945,-0.006366297695916533,0.1207898105257855,0.08001359142062973
2013-09-20 00:00:00-04:00,73.97000262401536,74.074801233134,73.85210106543752,73.90450286865234,1089700,0.0,0.0,0.0,0.000887249561489778,0.0008868561882605505,0.12054349408677992,0.07885904987063826
2013-09-23 00:00:00-04:00,73.94379828583514,74.35645122302384,73.94379828583514,74.34335327148438,3719000,0.0,0.0,0.0,0.005938073944046218,0.0059205130671952655,0.12169057801255609,0.07811508979335471
2013-09-24 00:00:00-04:00,74.42194461605293,74.62499531644968,74.27784218455457,74.53329467773438,2576200,0.0,0.0,0.0,0.0025549211582691633,0.0025516628957625684,0.1217559433126135,0.0782474470700534
2013-09-25 00:00:00-04:00,74.48745602416763,74.78875888389338,74.42850274872629,74.76255798339844,1931100,0.0,0.0,0.0,0.0030759851239012814,0.0030712639606676876,0.07311030476686427,0.07765257972597712
2013-09-26 00:00:00-04:00,74.4940286536389,74.63812615131616,74.4940286536389,74.57917785644531,921300,0.0,0.0,0.0,-0.002452833769998164,-0.0024558468948878793,0.048954295051635614,0.07844953620230605
2013-09-27 00:00:00-04:00,74.50705891693978,74.57255862861402,74.44811067562527,74.52015686035156,1194100,0.0,0.0,0.0,-0.0007913870572207049,-0.0007917003692695126,0.05266916263054889,0.0785819869104723
2013-09-30 00:00:00-04:00,74.40881657002903,74.52671806536598,74.29091507469208,74.35641479492188,1800800,0.0,0.0,0.0,-0.0021972855711580586,-0.002199703145148182,0.041587637937147794,0.07914919837918749
2013-10-01 00:00:00-04:00,74.30123763631714,74.37352189838427,74.20924039613598,74.28152465820312,3172400,0.366,0.0,0.0,-0.00100717788674054,-0.0010076854312086382,0.03520404565890626,0.07769591853725802
2013-10-02 00:00:00-04:00,74.38665335019624,74.62321908632718,74.38008570058976,74.50493621826172,910300,0.0,0.0,0.0,0.003007632935465354,0.00300311905599168,0.034745638150574826,0.07653131340030725
2013-10-03 00:00:00-04:00,74.4458331364107,74.669253653959,74.4458331364107,74.54440307617188,1411600,0.0,0.0,0.0,0.0005297213837556214,0.0005295811309111855,0.03150318135701687,0.06864493137449121
2013-10-04 00:00:00-04:00,74.44581365957484,74.53781090902312,74.38010205475094,74.47209930419922,569300,0.0,0.0,0.0,-0.000969942329523743,-0.0009704130279765608,0.03177733216034851,0.06911056820911829
2013-10-07 00:00:00-04:00,74.55750937983291,74.70865055364168,74.53779640356939,74.60350799560547,1374600,0.0,0.0,0.0,0.0017645358816793522,0.0017629809171655511,0.02770593259487553,0.06894263787889109
2013-10-08 00:00:00-04:00,74.57068008343423,74.6626773462869,74.43925184116269,74.59039306640625,1667900,0.0,0.0,0.0,-0.0001757950738723313,-0.00017581052763748724,0.025045801118267576,0.06601199826845404
2013-10-09 00:00:00-04:00,74.53782845529896,74.60354007559144,74.39325988257035,74.43268585205078,1017300,0.0,0.0,0.0,-0.0021143100052450903,-0.002116548314186736,0.0233436788198717,0.06586049470758475
2013-10-10 00:00:00-04:00,74.31434777298888,74.57719907254217,74.26834917157743,74.53777313232422,1978400,0.0,0.0,0.0,0.0014118431851608548,0.0014108474716551492,0.025777735914783127,0.0655536319195906
2013-10-11 00:00:00-04:00,74.70207939120782,74.78750396122365,74.60350949443682,74.63636779785156,3275900,0.0,0.0,0.0,0.0013227476671768823,0.0013218736071703594,0.025574473673367515,0.06553191498052191
2013-10-14 00:00:00-04:00,74.59036653056101,74.67579109754125,74.32751515300326,74.4063720703125,525100,0.0,0.0,0.0,-0.0030815503798630184,-0.0030863081329194275,0.03209370898739014,0.06722900036761098
2013-10-15 00:00:00-04:00,74.62980528190016,74.63637794617144,74.3866668386019,74.41952514648438,1430400,0.0,0.0,0.0,0.00017677351826050902,0.00017675789566321047,0.032432873055132275,0.06695030705927359
2013-10-16 00:00:00-04:00,74.42607071069493,75.01091228103833,74.39321241477683,74.97148132324219,1395200,0.0,0.0,0.0,0.007416819385388074,0.007389450026239355,0.06033181582310491,0.04979524276089924
2013-10-17 00:00:00-04:00,75.1818027835894,75.56950479301625,75.13579914164944,75.52350616455078,2697900,0.0,0.0,0.0,0.007363131040835746,0.0073361555267048755,0.0734634537269031,0.04875576604604439
2013-10-18 00:00:00-04:00,75.63520299742038,75.74691321625465,75.56291873500442,75.62206268310547,1071200,0.0,0.0,0.0,0.0013049780599427852,0.0013041273161285617,0.0734836261081659,0.04875039225098446
2013-10-21 00:00:00-04:00,75.57609088836955,75.68780114685514,75.39866399456265,75.4249496459961,1031400,0.0,0.0,0.0,-0.0026065546232899584,-0.0026099576014439302,0.07119705369380568,0.04703353717757038
2013-10-22 00:00:00-04:00,75.77320297451415,75.89148586366804,75.74034968020543,75.88491821289062,1372100,0.0,0.0,0.0,0.006098360940953507,0.006079841193135022,0.0702176966271025,0.05042032876168876
2013-10-23 00:00:00-04:00,75.87840260157014,76.00982590456987,75.83897661336576,75.8652572631836,1514800,0.0,0.0,0.0,-0.00025908902809745893,-0.0002591225974581264,0.06718311959937444,0.049901776096836194
2013-10-24 00:00:00-04:00,75.93750554911344,75.99007685075762,75.7469383407597,75.78636932373047,1500200,0.0,0.0,0.0,-0.0010398427725547554,-0.001040383784127739,0.052881716207798635,0.04894673602465188
2013-10-25 00:00:00-04:00,75.7731743475092,75.91774282557661,75.76660669921303,75.77974700927734,708700,0.0,0.0,0.0,-8.738133931229797e-05,-8.738515728394257e-05,0.05280126470342243,0.04870488434922716
2013-10-28 00:00:00-04:00,75.7403786605766,75.91122788869087,75.73380599381042,75.85208892822266,2958700,0.0,0.0,0.0,0.0009546339464086007,0.0009541785732095488,0.045481996601592814,0.0473619782255386
2013-10-29 00:00:00-04:00,75.79945979136463,75.96374124085327,75.74032087601526,75.95716857910156,1584300,0.0,0.0,0.0,0.0013853230987261878,0.0013843644239629816,0.01548190695856194,0.04677462861589746
2013-10-30 00:00:00-04:00,75.95718932889334,76.06233189175519,75.62205869008619,75.8060531616211,1436200,0.0,0.0,0.0,-0.0019894819713177636,-0.001991463619313046,0.02210596504929683,0.04745841001927878
2013-10-31 00:00:00-04:00,75.86523220378244,75.89809052541762,75.62866632574203,75.7009506225586,1072800,0.0,0.0,0.0,-0.0013864663134277588,-0.0013874283471679578,0.02309456625211702,0.04812352557354512
2013-11-01 00:00:00-04:00,75.69429287993935,75.77341075503156,75.3514588146676,75.49650573730469,1965300,0.38,0.0,0.0,-0.002700691121743759,-0.002704344567379292,0.028850522643193884,0.04933256553555567
2013-11-04 00:00:00-05:00,75.59542191223012,75.68112919380778,75.50311518506119,75.51630401611328,772400,0.0,0.0,0.0,0.00026224099533145306,0.0002622066161719222,0.02660887723100536,0.04918571427285354
2013-11-05 00:00:00-05:00,75.37783302432503,75.37783302432503,75.10751738462521,75.19322967529297,1264700,0.0,0.0,0.0,-0.004278206475139101,-0.004287384185909072,0.02653198089387916,0.052125851549122665
2013-11-06 00:00:00-05:00,75.3119587626988,75.31854815134068,75.21306260232633,75.27899169921875,1060000,0.0,0.0,0.0,0.0011405551310421647,0.0011399051921858136,0.034773179536578845,0.051311251052223804
2013-11-07 00:00:00-05:00,75.404260900013,75.48337380467194,75.29877032037749,75.43063354492188,1337000,0.0,0.0,0.0,0.0020143979386575417,0.0020123717596941147,0.04236372914153835,0.051486584039862886
2013-11-08 00:00:00-05:00,74.81748377227153,74.83726199853905,74.68562054704189,74.69221496582031,1634000,0.0,0.0,0.0,-0.009789372624874004,-0.00983760355825109,0.07812296855477815,0.063196712152127
2013-11-11 00:00:00-05:00,74.6460735115252,74.6856299690505,74.5076208801183,74.56695556640625,1241500,0.0,0.0,0.0,-0.0016770074293737114,-0.001678415180425594,0.07555253171558582,0.062467564631342454
2013-11-12 00:00:00-05:00,74.52737296073026,74.64604732173726,74.50100032161019,74.61967468261719,2301900,0.0,0.0,0.0,0.0007070037365812798,0.000706753927176697,0.07651827272710898,0.06250284553457353
2013-11-13 00:00:00-05:00,74.7185912872012,74.87682213519439,74.69881305996056,74.7911148071289,4339700,0.0,0.0,0.0,0.0022975190556768776,0.0022948837943747922,0.07943857803379514,0.056998939125078515
2013-11-14 00:00:00-05:00,74.98886831475083,75.25258962926817,74.93612807589992,75.19984436035156,1355100,0.0,0.0,0.0,0.0054649479991932814,0.005450069353610946,0.09136188957438077,0.054016442870446706
2013-11-15 00:00:00-05:00,75.21303319261357,75.25918404539917,75.11413707091134,75.19984436035156,1451200,0.0,0.0,0.0,0.0,0.0,0.04291181256170902,0.05372911764053058
2013-11-18 00:00:00-05:00,75.2394265077277,75.5361099243164,75.2394265077277,75.5361099243164,3003900,0.0,0.0,0.0,0.004471625796903078,0.004461657782708877,0.03735162896451476,0.0554996914268761
2013-11-19 00:00:00-05:00,75.39765342766715,75.4635825134912,75.27238464355469,75.27238464355469,914200,0.0,0.0,0.0,-0.0034913802289522344,-0.003497489320489578,0.0572596925011409,0.05203708824304946
2013-11-20 00:00:00-05:00,75.25259570779812,75.45038796717922,74.84382738577469,74.9493179321289,1881300,0.0,0.0,0.0,-0.004291968601175977,-0.004301205537648265,0.07079058249381526,0.05383036827152636
2013-11-21 00:00:00-05:00,74.88994325342976,75.11410804466881,74.71852874078881,75.09432983398438,3320600,0.0,0.0,0.0,0.0019347994865914764,0.0019329301728413157,0.05831069609795131,0.054540128430982444
2013-11-22 00:00:00-05:00,75.18009442845307,75.35810852050781,75.16031620268423,75.35810852050781,1190900,0.0,0.0,0.0,0.0035126312080631106,0.0035064763280657483,0.0643730110471142,0.05632789999111225
2013-11-25 00:00:00-05:00,75.33834112538219,75.51635525491359,75.33834112538219,75.48998260498047,1189200,0.0,0.0,0.0,0.0017499654259072184,0.0017484360204224716,0.05594861484911516,0.056627740256345316
2013-11-26 00:00:00-05:00,75.50309824148316,75.67451779623559,75.50309824148316,75.64155578613281,1044500,0.0,0.0,0.0,0.0020078582074325446,0.0020058451543084072,0.04812936365620749,0.05690616240590462
2013-11-27 00:00:00-05:00,75.55588900624147,75.69434160422657,75.34491290025463,75.65478515625,2387900,0.0,0.0,0.0,0.0001748955316915879,0.00017488023925111206,0.018798136831818277,0.056521807478741345
2013-11-29 00:00:00-05:00,75.40425347077971,75.65478602762872,75.38447021649644,75.59545135498047,741200,0.0,0.0,0.0,-0.0007842703028895226,-0.0007845780037344619,0.026568020450675193,0.056379388083708425
2013-12-02 00:00:00-05:00,75.4684357395457,75.53457709378921,75.23032282725958,75.2369384765625,5714000,0.368,0.0,0.0,-0.004742519185902738,-0.004753800612403695,0.04327282682454971,0.0580860527285497
2013-12-03 00:00:00-05:00,75.32956501116462,75.49492098055366,75.32956501116462,75.42877960205078,1164500,0.0,0.0,0.0,0.0025498263136802812,0.002546581022014759,0.045970414781177873,0.05887190176182351
2013-12-04 00:00:00-05:00,75.01866509258535,75.2170941953001,75.01866509258535,75.18402099609375,1705000,0.0,0.0,0.0,-0.0032448968052821714,-0.0032501728996000463,0.04549574845796158,0.057995679338476526
2013-12-05 00:00:00-05:00,74.99882722633139,75.13110993774993,74.8996126696365,75.01866912841797,1234400,0.0,0.0,0.0,-0.002199295348733421,-0.002201717350532025,0.0440437257088698,0.05833541772747955
2013-12-06 00:00:00-05:00,75.02531473749123,75.1972863680178,74.96578396119726,75.17744445800781,737400,0.0,0.0,0.0,0.0021164775573137007,0.002114240973918134,0.05189280184599557,0.05838714236149559
2013-12-09 00:00:00-05:00,75.17743038263984,75.30309747126265,75.17743038263984,75.28987121582031,590100,0.0,0.0,0.0,0.0014954852299522425,0.0014943681055390892,0.04235909027003724,0.046169561448945406
2013-12-10 00:00:00-05:00,75.51477403483919,75.6073729876628,75.39571751745679,75.59414672851562,1171600,0.0,0.0,0.0,0.004041387078789205,0.0040332426099554146,0.04856596939571121,0.047203811118381185
2013-12-11 00:00:00-05:00,75.53458617627733,75.59411693463794,75.36261964381886,75.38246154785156,1087800,0.0,0.0,0.0,-0.002800285337227204,-0.0028042134711899376,0.04649819403362014,0.048800330684736576
2013-12-12 00:00:00-05:00,75.30974344370584,75.34942727227359,75.21052882602142,75.25682830810547,877300,0.0,0.0,0.0,-0.0016666110016365643,-0.0016680013427385388,0.04464467624709535,0.04890642734391265
2013-12-13 00:00:00-05:00,75.39565066257158,75.48824953328585,75.28320989759854,75.4617919921875,904000,0.0,0.0,0.0,0.0027235227512232285,0.0027198206833889647,0.04609619619949504,0.045956764924172035
2013-12-16 00:00:00-05:00,75.58749603289414,75.63379548784118,75.44198201841428,75.52135467529297,1593500,0.0,0.0,0.0,0.0007893091527912954,0.0007889978121405341,0.04565561493106731,0.04600163222744176
2013-12-17 00:00:00-05:00,75.4617959171426,75.74620819091797,75.4617959171426,75.74620819091797,1500800,0.0,0.0,0.0,0.0029773501361538557,0.0029729266073249615,0.04101775329076775,0.04444832865983484
2013-12-18 00:00:00-05:00,75.62054117198949,75.99755232129543,75.42872777374468,75.74620819091797,1946900,0.0,0.0,0.0,0.0,0.0,0.03077098781291452,0.04234014440227629
2013-12-19 00:00:00-05:00,75.52796390858074,75.73300361360423,75.51473261042727,75.6337890625,2493300,0.0,0.0,0.0,-0.0014841551953942433,-0.0014852576446551338,0.029799980573995282,0.03935390626473831
2013-12-20 00:00:00-05:00,75.83885836763868,75.98436737060547,75.73964378441241,75.98436737060547,1269700,0.0,0.0,0.0,0.004635207523660645,0.004624498030331429,0.038562755453584396,0.04179028780578157
2013-12-23 00:00:00-05:00,75.94470625668814,76.09022034941431,75.8587229501976,75.8653335571289,1204900,0.0,0.0,0.0,-0.001566556616783954,-0.0015677849496036293,0.0440817757992656,0.040964154929593634
2013-12-24 00:00:00-05:00,75.74619869772802,76.06368412137145,75.73958809763309,75.84541320800781,1003500,0.0,0.0,0.0,-0.00026257512077099143,-0.0002626095996536787,0.04036420697615292,0.040666346314985315
2013-12-26 00:00:00-05:00,75.7446057521755,75.89056271104745,75.7446057521755,75.79104614257812,2268000,0.348,0.0,0.0,-0.0007168141503901548,-0.0007170711844910484,0.04097614744017603,0.04024146166786699
2013-12-27 00:00:00-05:00,75.68492682785866,75.7910741616105,75.6583887290145,75.7247314453125,2463600,0.0,0.0,0.0,-0.0008749674353468739,-0.0008753504427823192,0.03968046121339984,0.04038844826557573
2013-12-30 00:00:00-05:00,75.76450499072159,75.95690233221839,75.76450499072159,75.95027160644531,2790000,0.0,0.0,0.0,0.0029784214064290104,0.002973994696951216,0.028212745659879784,0.041550193828382015
2013-12-31 00:00:00-05:00,75.83086728442706,75.9569168993852,75.64510063307664,75.75788879394531,1658600,0.0,0.0,0.0,-0.0025330101977367736,-0.0025362236957635494,0.03198471612544395,0.03867888683666735
2014-01-02 00:00:00-05:00,75.82417911081416,75.93696213214028,75.70476030540406,75.90379333496094,1887700,0.0,0.0,0.0,0.0019259319833011546,0.001924079754096022,0.03563305136044877,0.03826904198722946
2014-01-03 00:00:00-05:00,75.7777790833313,76.12276411503534,75.7777790833313,76.01661682128906,1695800,0.0,0.0,0.0,0.0014864011582429448,0.0014852975575015924,0.03566637846068525,0.036049674223600746
2014-01-06 00:00:00-05:00,76.1227450198925,76.222261562682,76.06303813119179,76.18245697021484,1171700,0.0,0.0,0.0,0.002181630225871034,0.0021792539261603953,0.03429632090347367,0.034950401115708574
2014-01-07 00:00:00-05:00,76.24221402257534,76.25548560321086,76.06972396731327,76.12279510498047,1086500,0.0,0.0,0.0,-0.0007831444089247963,-0.00078345122670629,0.032406833013977523,0.03498685951596546
2014-01-08 00:00:00-05:00,75.96352004170157,75.98342233752992,75.73131815433509,75.79766082763672,1067000,0.0,0.0,0.0,-0.004271181541552149,-0.0042803290939628195,0.04309291378251636,0.038862391330373086
2014-01-09 00:00:00-05:00,75.89718297348048,75.97016143798828,75.75122604446491,75.97016143798828,1216000,0.0,0.0,0.0,0.0022758038766370614,0.002273218157311539,0.044083027944183124,0.03709668138152427
2014-01-10 00:00:00-05:00,76.23552551096562,76.46109159455145,76.22225394038932,76.38147735595703,1736900,0.0,0.0,0.0,0.005414177226732431,0.005399573257814105,0.05803819074322383,0.03951667963268492
2014-01-13 00:00:00-05:00,76.44784898905274,76.5938008796799,76.40803932649742,76.52745819091797,2109900,0.0,0.0,0.0,0.0019112072718969753,0.0019093832389791125,0.057711438165957904,0.03875450082991464
2014-01-14 00:00:00-05:00,76.42795237888969,76.49430013860815,76.29526698269957,76.3019027709961,1529100,0.0,0.0,0.0,-0.0029473789572256326,-0.0029517310321641216,0.06346824138188285,0.040296784559913215
2014-01-15 00:00:00-05:00,76.16254630037092,76.35493851722417,76.12273665065898,76.32176971435547,1495000,0.0,0.0,0.0,0.00026037284311253295,0.00026033895198657593,0.04850108036851895,0.040300043162148934
2014-01-16 00:00:00-05:00,76.44120862951607,76.50755131430985,76.40803475630798,76.50091552734375,1372300,0.0,0.0,0.0,0.002347243960127754,0.0023444934862049474,0.04858652101921701,0.03985217362768152
2014-01-17 00:00:00-05:00,76.42135226639459,76.58721160888672,76.368276062007,76.58721160888672,1766000,0.0,0.0,0.0,0.0011280398534854186,0.0011274040945925552,0.03342341183817986,0.03986605739629742
2014-01-21 00:00:00-05:00,76.47439753648551,76.56064760484173,76.47439753648551,76.48103332519531,1114100,0.0,0.0,0.0,-0.0013863709287867954,-0.0013873328301003533,0.033096870011727154,0.039801169974785625
2014-01-22 00:00:00-05:00,76.40137172146376,76.48761666906117,76.28858363722684,76.29521942138672,1687800,0.0,0.0,0.0,-0.0024295422764297747,-0.002432498403260311,0.030404173038809355,0.03807006048423895
2014-01-23 00:00:00-05:00,76.44125457763357,76.69335895603645,76.42798299572395,76.58721160888672,1597600,0.0,0.0,0.0,0.0038271360868273874,0.0038198312333607067,0.04110743044781886,0.03952408122700443
2014-01-24 00:00:00-05:00,76.62032547941693,76.71320623965764,76.47436855286105,76.5340805053711,1681100,0.0,0.0,0.0,-0.0006937333583438843,-0.0006939741026781467,0.03903459758716219,0.03966042013719071
2014-01-27 00:00:00-05:00,76.47438280750451,76.68668245071565,76.38813781738281,76.38813781738281,1979600,0.0,0.0,0.0,-0.001906898038424032,-0.0019087184831249214,0.039882777437203316,0.0403458438464894
2014-01-28 00:00:00-05:00,76.56060792177313,76.75963592529297,76.49426525393318,76.75963592529297,2420900,0.0,0.0,0.0,0.004863295775036081,0.004851508154479852,0.053621611056660655,0.04300337727146741
2014-01-29 00:00:00-05:00,76.77294078153626,76.95206656852807,76.6800599939667,76.91226196289062,2105500,0.0,0.0,0.0,0.0019883632296824327,0.001986389052004236,0.04581548060031258,0.04244222206438684
2014-01-30 00:00:00-05:00,76.84592483362357,76.9719744478153,76.73977246206879,76.95207214355469,1821900,0.0,0.0,0.0,0.0005176051210569188,0.0005174712097330453,0.04157992702309763,0.040772651972207315
2014-01-31 00:00:00-05:00,76.99188806428681,77.18428039550781,76.96534996924362,77.18428039550781,1427400,0.0,0.0,0.0,0.0030175698390544348,0.0030130261135654516,0.04065336746846938,0.04135757942740684
2014-02-03 00:00:00-05:00,77.11638688856699,77.68865490255922,77.0764628660866,77.68199920654297,6064600,0.348,0.0,0.0,0.006448447902665411,0.0064277456132505436,0.03712396655014614,0.04588860340242594
2014-02-04 00:00:00-05:00,77.40921001252991,77.41586063460896,77.25615939892882,77.30939483642578,2015000,0.0,0.0,0.0,-0.004796534254048912,-0.004808074541518238,0.0652686672333915,0.05016877709373832
2014-02-05 00:00:00-05:00,77.18960425965425,77.19625995739028,77.04320937032048,77.06317138671875,3226900,0.0,0.0,0.0,-0.003184909805955649,-0.0031899924258514314,0.07244446521423327,0.05183222043476074
2014-02-06 00:00:00-05:00,77.02323312251937,77.07646854095181,76.93672937517337,76.98995971679688,853500,0.0,0.0,0.0,-0.00095002150319623,-0.0009504730596393713,0.07304171025345611,0.04893598403580112
2014-02-07 00:00:00-05:00,77.0764695916153,77.30271250782374,77.04319618543923,77.2295150756836,1076900,0.0,0.0,0.0,0.0031115142775488547,0.0031066835350214185,0.07328021368708186,0.04936167383438544
2014-02-10 00:00:00-05:00,77.14297924277128,77.2694120414851,77.10970585043388,77.26275634765625,1048800,0.0,0.0,0.0,0.0004304218657864567,0.0004303292608670184,0.048999485503414215,0.04629363563361502
2014-02-11 00:00:00-05:00,77.10307312011719,77.1429971387383,76.99660230138348,77.10307312011719,2288900,0.0,0.0,0.0,-0.0020667555118087932,-0.002068894198250997,0.03869734795087146,0.04692315526903425
2014-02-12 00:00:00-05:00,76.98994008639569,77.00325147601421,76.8302389486269,76.87016296386719,971500,0.0,0.0,0.0,-0.0030207635937824495,-0.0030253353091628152,0.037999645808498204,0.0469928223966802
2014-02-13 00:00:00-05:00,77.21620053144981,77.25612455315975,77.08976769362374,77.18958282470703,1125500,0.0,0.0,0.0,0.004155316556177846,0.004146707070189465,0.04967464847897169,0.04886316086119259
2014-02-14 00:00:00-05:00,77.26941867460349,77.3359603881836,77.17625926022987,77.3359603881836,1063900,0.0,0.0,0.0,0.0018963383156116453,0.0018945425360200432,0.046319538880241394,0.048671475732029484
2014-02-18 00:00:00-05:00,77.42251482434459,77.62214517266156,77.38259078540545,77.49571228027344,1034400,0.0,0.0,0.0,0.0020656870528015236,0.0020635564548959514,0.04807797456301744,0.048932928217836125
2014-02-19 00:00:00-05:00,77.65534633675236,77.65534633675236,77.3625618431221,77.40914154052734,1556900,0.0,0.0,0.0,-0.0011171036073970297,-0.0011177280327070202,0.045134653461898676,0.0487975172239032
2014-02-20 00:00:00-05:00,77.31605053531558,77.3958986147503,77.18961764046297,77.30939483642578,1148800,0.0,0.0,0.0,-0.0012885649177408753,-0.0012893958313819698,0.03681508103236831,0.04801743035074223
2014-02-21 00:00:00-05:00,77.22950732057453,77.41582619210942,77.21620100552568,77.38921356201172,711000,0.0,0.0,0.0,0.001032458289898841,0.0010319256714113746,0.02571604054498175,0.04657952411264883
2014-02-24 00:00:00-05:00,77.46241921935938,77.49568754892145,77.34264206395605,77.42914581298828,703600,0.0,0.0,0.0,0.0005159924637891944,0.0005158593854541616,0.02275033781803027,0.046357091769077895
2014-02-25 00:00:00-05:00,77.60879951939663,77.72857666015625,77.48902237863699,77.72857666015625,787300,0.0,0.0,0.0,0.00386715937550397,0.003859701136634669,0.03309321908070207,0.04676860770465252
2014-02-26 00:00:00-05:00,77.7219442184167,77.98811119185838,77.71528852103778,77.98146057128906,898200,0.0,0.0,0.0,0.0032534226406648603,0.003248141712186949,0.0333346118541856,0.04527262815375933
2014-02-27 00:00:00-05:00,78.04797549142245,78.1477906105638,78.02801348295574,78.11451721191406,964900,0.0,0.0,0.0,0.0017062599193478079,0.001704805911600092,0.022803389481043462,0.045184890768759596
2014-02-28 00:00:00-05:00,78.00805373116825,78.09455746262903,77.87496520952708,78.06793975830078,1791900,0.0,0.0,0.0,-0.0005962714137619507,-0.0005964492542590358,0.029456002130021617,0.04544283097111882
2014-03-03 00:00:00-05:00,78.12535075913405,78.27885403361704,78.05861219746461,78.27217864990234,1292700,0.346,0.0,0.0,0.0026161685864118933,0.002612752374336266,0.02763319504228523,0.0451957920808033
2014-03-04 00:00:00-05:00,78.07194925597553,78.11199136758088,77.8517074584961,77.8517074584961,1075900,0.0,0.0,0.0,-0.0053719111778777195,-0.005386391774998814,0.05558144996612717,0.04474305113121797
2014-03-05 00:00:00-05:00,77.7983074651677,77.98517742466532,77.78496179312837,77.81165313720703,2869300,0.0,0.0,0.0,-0.0005144950906877943,-0.000514627488700998,0.0491212786030791,0.04093075190621411
2014-03-06 00:00:00-05:00,77.51137115946723,77.67154477401762,77.49802547984945,77.57810974121094,1271000,0.0,0.0,0.0,-0.0030013935776982414,-0.00300590679228688,0.04755518677191171,0.040726585922671414
2014-03-07 00:00:00-05:00,77.38455779654237,77.4179296305277,77.17766668294885,77.29779815673828,1473800,0.0,0.0,0.0,-0.0036132819606939925,-0.003619825631464873,0.0492419078138293,0.042882294371665894
2014-03-10 00:00:00-04:00,77.21771547061837,77.2777837586077,77.16432766019469,77.17767333984375,1851400,0.0,0.0,0.0,-0.0015540522467528683,-0.001555261038458317,0.029795931733323382,0.041871284481205105
2014-03-11 00:00:00-04:00,77.2110439769431,77.29112823724793,77.15765107552167,77.2043685913086,943800,0.0,0.0,0.0,0.0003458934470244035,0.00034583363967697185,0.026278644445951092,0.04186002292618905
2014-03-12 00:00:00-04:00,77.41793363208612,77.51136866188212,77.37121611718813,77.47799682617188,1303800,0.0,0.0,0.0,0.0035442066278887907,0.0035379407283089724,0.045939465525499025,0.04297054900782864
2014-03-13 00:00:00-04:00,77.29776529008832,77.79163665375212,77.29776529008832,77.75159454345703,1696400,0.0,0.0,0.0,0.00353129570320454,0.003525075318243996,0.04995164223345658,0.04265677268166485
2014-03-14 00:00:00-04:00,77.88506976198786,77.9317872534812,77.66483306884766,77.66483306884766,797800,0.0,0.0,0.0,-0.001115880325269547,-0.0011165033832682774,0.039123560388516256,0.04085205699598425
2014-03-17 00:00:00-04:00,77.65817041089356,77.70488791004152,77.53136358813819,77.56473541259766,635800,0.0,0.0,0.0,-0.0012888414523631875,-0.0012896727228351797,0.03808557941019594,0.0407762053857687
2014-03-18 00:00:00-04:00,77.58478130181892,77.80502319335938,77.54473917311235,77.80502319335938,963500,0.0,0.0,0.0,0.0030978998314572515,0.003093111226970159,0.04005306603410647,0.04157588100363687
2014-03-19 00:00:00-04:00,77.77161267044441,77.77828805251721,77.21100278012125,77.24436950683594,1286700,0.0,0.0,0.0,-0.007205880334102743,-0.007231968088836054,0.06879373634220527,0.04907953473094391
2014-03-20 00:00:00-04:00,77.23772495634951,77.3912231524051,77.22437418775473,77.35118103027344,2003400,0.0,0.0,0.0,0.0013827742283281097,0.0013818190764497262,0.06203096140883892,0.04913891959916751
2014-03-21 00:00:00-04:00,77.46465311349965,77.67821962871598,77.42461098309265,77.61815643310547,636100,0.0,0.0,0.0,0.0034514715777582694,0.0034455289197499956,0.06962389277065865,0.05052314332429413
2014-03-24 00:00:00-04:00,77.61144782182113,77.85838606788015,77.58475138236946,77.76494598388672,1061300,0.0,0.0,0.0,0.0018911754353216903,0.0018893894144894055,0.06989866897083247,0.050888848692007944
2014-03-25 00:00:00-04:00,77.60478647600347,77.81835293842109,77.60478647600347,77.79165649414062,1352800,0.0,0.0,0.0,0.000343477513113033,0.00034341853821600666,0.06614176165202483,0.0490442642592141
2014-03-26 00:00:00-04:00,77.83168083122693,78.10531039398448,77.81833006709753,78.09196472167969,955000,0.0,0.0,0.0,0.0038604169273819267,0.00385298463963413,0.023184489867187002,0.049614921470646875
2014-03-27 00:00:00-04:00,77.99855869241705,78.25884267948481,77.95851147698828,78.11201477050781,665500,0.0,0.0,0.0,0.00025674919179685673,0.0002567162373636746,0.02674632568868291,0.04924844348481472
2014-03-28 00:00:00-04:00,78.09862788693228,78.15869613638533,77.97182619021875,78.05191040039062,816300,0.0,0.0,0.0,-0.0007694638308046731,-0.0007697600200458167,0.02864325759904659,0.04928022085275346
2014-03-31 00:00:00-04:00,77.87842386358214,78.06529388808418,77.79833452801287,78.04527282714844,1695700,0.0,0.0,0.0,-8.50404968710805e-05,-8.504411301914868e-05,0.028711774078759834,0.04829712778968571
2014-04-01 00:00:00-04:00,77.93816822322465,77.99840653973897,77.84446077086471,77.85115051269531,3416600,0.34,0.0,0.0,-0.0024873039381009265,-0.0024904024175142468,0.03691846279066227,0.04513511018813485
2014-04-02 00:00:00-04:00,77.69716485256315,77.81764653040727,77.69716485256315,77.7440185546875,1236800,0.0,0.0,0.0,-0.0013761127138428586,-0.0013770604264828443,0.017326468952474774,0.04536927339285816
2014-04-03 00:00:00-04:00,77.81097354336885,77.98500381729099,77.81097354336885,77.89129638671875,1012200,0.0,0.0,0.0,0.0018943943826064125,0.0018926022805098126,0.02593180321523847,0.04444925743690211
2014-04-04 00:00:00-04:00,78.13896769743407,78.33307745060591,78.12558310710328,78.19921112060547,989900,0.0,0.0,0.0,0.003953134023575222,0.003945340920639691,0.04092291667840809,0.04393963456469005
2014-04-07 00:00:00-04:00,78.3063195772139,78.44688078517962,78.28624013417226,78.38664245605469,1024500,0.0,0.0,0.0,0.0023968443257074146,0.0023939764759587094,0.04289252166732746,0.043627391468169456
2014-04-08 00:00:00-04:00,78.37993463886657,78.59412384033203,78.33308091062955,78.59412384033203,992600,0.0,0.0,0.0,0.0026468971979971556,0.0026434003348078734,0.03150296887572707,0.04408514623345647
2014-04-09 00:00:00-04:00,78.44018518431139,78.70791788043891,78.40002119455319,78.66106414794922,1675600,0.0,0.0,0.0,0.0008517215326833139,0.0008513590237218847,0.017947298444541578,0.04296175015397819
2014-04-10 00:00:00-04:00,78.63426115090505,79.0090908496457,78.57401774550937,78.76812744140625,1401500,0.0,0.0,0.0,0.0013610710027474049,0.0013601455852209462,0.019156276242400683,0.041780424155852335
2014-04-11 00:00:00-04:00,78.98236460562231,78.98236460562231,78.82172393798828,78.82172393798828,1258200,0.0,0.0,0.0,0.0006804338039125835,0.0006802024137896548,0.014182541842324125,0.04125500662514839
2014-04-14 00:00:00-04:00,78.88195424933127,78.93550283532046,78.78155192727007,78.87525939941406,908600,0.0,0.0,0.0,0.0006791967842254554,0.0006789662344761301,0.013215749471020029,0.04055510573971607
2014-04-15 00:00:00-04:00,78.87525179519537,79.136299850057,78.82839806364046,79.04258728027344,1152500,0.0,0.0,0.0,0.002121424159279739,0.002119177116440747,0.00978152912182109,0.03997845488125235
2014-04-16 00:00:00-04:00,78.82841428558785,79.08276754352057,78.81502969096366,79.0760726928711,956300,0.0,0.0,0.0,0.00042363760790009586,0.00042354789882388026,0.010972573192588654,0.026702198198457497
2014-04-17 00:00:00-04:00,79.06269415991041,79.06269415991041,78.59415160534438,78.62092590332031,1510500,0.0,0.0,0.0,-0.005755809235981624,-0.005772437743673616,0.04895955391121547,0.03627027132418512
2014-04-21 00:00:00-04:00,78.78825805220806,78.84180664586036,78.6543916747523,78.72801971435547,652500,0.0,0.0,0.0,0.0013621540296644419,0.001361227139480167,0.05010697531260155,0.03499317966713844
2014-04-22 00:00:00-04:00,78.61417661132539,78.80828630722228,78.58071259203592,78.76812744140625,1385000,0.0,0.0,0.0,0.0005094466645585438,0.0005093169406629296,0.049926264770336515,0.034718516197911796
2014-04-23 00:00:00-04:00,78.82839244542718,78.98903817645777,78.82170270330593,78.94218444824219,1778900,0.0,0.0,0.0,0.0022097390466140343,0.0022073011640159896,0.05019573535880856,0.035134234666807984
2014-04-24 00:00:00-04:00,78.80830276255381,78.989027909805,78.78152847752872,78.95555877685547,1161000,0.0,0.0,0.0,0.00016941928712466137,0.00016940493729797186,0.05001285923335812,0.033169702047055
2014-04-25 00:00:00-04:00,79.00911761616824,79.16306339173083,78.94218444824219,78.94218444824219,1051500,0.0,0.0,0.0,-0.00016939058909182236,-0.0001694049372979824,0.015316696745139972,0.033254415569929814
2014-04-28 00:00:00-04:00,78.9422106002676,79.03591808774223,78.78156481601818,78.84850311279297,1015500,0.0,0.0,0.0,-0.0011867081726202322,-0.0011874128683309888,0.01966524115876988,0.033502853669390584
2014-04-29 00:00:00-04:00,78.72129338110511,78.89532368753903,78.71459853290726,78.86185455322266,1359500,0.0,0.0,0.0,0.00016933029674115474,0.0001693159619846404,0.019592212262594447,0.033455070172626215
2014-04-30 00:00:00-04:00,78.95557943200946,79.1697686615704,78.84179252089017,79.08275604248047,2123200,0.0,0.0,0.0,0.0028011196352062395,0.002797203810359071,0.023417251781467512,0.03239419815348541
2014-05-01 00:00:00-04:00,79.13241168771815,79.42778371985442,79.09213554573036,79.41436004638672,2193800,0.344,0.0,0.0,0.004193126548702075,0.004184359891499937,0.0356283376458054,0.033475618295820714
2014-05-02 00:00:00-04:00,79.23982886408474,79.66945815682892,79.17270024739068,79.58219146728516,862700,0.0,0.0,0.0,0.002113363638520882,0.002111133626917489,0.0339000345737169,0.03355645102608495
2014-05-05 00:00:00-04:00,79.54863008333815,79.64261117750723,79.37409157063034,79.38080596923828,1879800,0.0,0.0,0.0,-0.002530534713028887,-0.00253374192778385,0.041414191246712015,0.03407299405454063
2014-05-06 00:00:00-04:00,79.48823595494065,79.58221707286779,79.4613834753062,79.51508331298828,2251100,0.0,0.0,0.0,0.0016915593399497997,0.001690130264799491,0.04007000870421709,0.033711567932546926
2014-05-07 00:00:00-04:00,79.53520255746258,79.60233117553578,79.40765459801383,79.52848815917969,1869200,0.0,0.0,0.0,0.0001685824328276908,0.0001685682244061995,0.039677455682449014,0.032969546289404954
2014-05-08 00:00:00-04:00,79.60234234076218,79.77016647027723,79.46137068655985,79.54863739013672,3351200,0.0,0.0,0.0,0.0002533586570474533,0.0002533265671629551,0.028890283728697615,0.032975718780359195
2014-05-09 00:00:00-04:00,79.44125968722813,79.53524594970924,79.36742175217334,79.4614028930664,1148100,0.0,0.0,0.0,-0.0010966183699977483,-0.0010972200958717791,0.02522740080144949,0.03333902747294192
2014-05-12 00:00:00-04:00,79.2935613876515,79.34726122673467,79.19286586679176,79.25999450683594,1634400,0.0,0.0,0.0,-0.0025346693979404478,-0.0025378871107944296,0.025250410543729406,0.03494652083414479
2014-05-13 00:00:00-04:00,79.4478651658529,79.5619842345385,79.4143034453118,79.5552749633789,961600,0.0,0.0,0.0,0.0037254665279784493,0.0037185441649138476,0.03684250331998484,0.037019931517020564
2014-05-14 00:00:00-04:00,79.79027582574814,80.03194289498832,79.7768470321325,79.95138549804688,1359000,0.0,0.0,0.0,0.004979060594665796,0.004966706064794408,0.05062881023637865,0.04001797459137124
2014-05-15 00:00:00-04:00,80.07892252120331,80.26017023765198,79.95137460714984,80.09234619140625,755100,0.0,0.0,0.0,0.0017630800577286276,0.001761527656487592,0.05023639993119731,0.04023274544593683
2014-05-16 00:00:00-04:00,79.95137678020767,80.1259152270905,79.93123871356417,79.99836730957031,821100,0.0,0.0,0.0,-0.001173381556476616,-0.0011740705076029167,0.05047597380413607,0.033250585332881374
2014-05-19 00:00:00-04:00,80.11922950066935,80.19307251917498,79.86413869593156,79.92455291748047,726700,0.0,0.0,0.0,-0.0009226987321404589,-0.0009231246806505292,0.04346710227580743,0.03378763972123776
2014-05-20 00:00:00-04:00,79.85070989897486,80.09909142681971,79.85070989897486,79.92455291748047,1200100,0.0,0.0,0.0,0.0,0.0,0.04032446658222051,0.03388532362262331
2014-05-21 00:00:00-04:00,79.73662508006858,79.81046813038277,79.66278202975437,79.77690124511719,1397200,0.0,0.0,0.0,-0.0018473881551233085,-0.0018490966811525796,0.02216565783020879,0.034590303616423346
2014-05-22 00:00:00-04:00,79.78356937360735,79.79699816856021,79.66945022443136,79.75000762939453,605800,0.0,0.0,0.0,-0.0003371103076569293,-0.0003371671421100391,0.011474789744136652,0.03470654143266708
2014-05-23 00:00:00-04:00,79.84402519156012,79.91115383224411,79.77018215033164,79.83731079101562,582500,0.0,0.0,0.0,0.0010947103858196527,0.0010941116273434832,0.017328371495534504,0.03467178104086419
2014-05-27 00:00:00-04:00,79.92455558804068,80.11923217773438,79.7567314715722,80.11923217773438,1062700,0.0,0.0,0.0,0.003531198432481286,0.0035249783897990297,0.03175114150505034,0.03554179725872427
2014-05-28 00:00:00-04:00,80.22664031988256,80.50186920166016,80.22664031988256,80.50186920166016,1430800,0.0,0.0,0.0,0.004775844869268742,0.00476447670285864,0.043172517738684434,0.03812182053064065
2014-05-29 00:00:00-04:00,80.46156800433117,80.64281573623842,80.26689147949219,80.26689147949219,1325700,0.0,0.0,0.0,-0.0029189101383390037,-0.0029231784644672934,0.04864191139827296,0.03996448053471262
2014-05-30 00:00:00-04:00,80.19980504723202,80.34749111762846,80.11253321204144,80.28035736083984,1045400,0.0,0.0,0.0,0.00016776383262695482,0.00016774976184887576,0.04774145270742163,0.03785881497574078
2014-06-02 00:00:00-04:00,80.03667102873393,80.1645805499347,79.80778571300993,79.83470916748047,2652700,0.338,0.0,0.0,-0.005551148599853617,-0.005566613483708587,0.06857414592246881,0.04306547230960041
2014-06-03 00:00:00-04:00,79.74716986653961,79.76736501905408,79.47116088867188,79.47116088867188,1431100,0.0,0.0,0.0,-0.004553762174368647,-0.004564162133977829,0.06633707364679195,0.04528479293569643
2014-06-04 00:00:00-04:00,79.57889080462378,79.59235766720838,79.4173244063311,79.4307861328125,1263600,0.0,0.0,0.0,-0.0005080428599241182,-0.0005081719574244387,0.039398257870760615,0.04490568835026432
2014-06-05 00:00:00-04:00,79.46445275914121,79.67314291636978,79.37693869168163,79.59909057617188,801000,0.0,0.0,0.0,0.0021188817529511628,0.0021166400889984015,0.05172168981804903,0.04556002180487735
2014-06-06 00:00:00-04:00,79.73370000050572,79.94912349882918,79.68657627075062,79.7673568725586,1112700,0.0,0.0,0.0,0.0021139223472119717,0.002111691157188628,0.057580482596922125,0.04614601085422454
2014-06-09 00:00:00-04:00,79.63271776341733,79.65964634226434,79.51154172665639,79.60578918457031,1215400,0.0,0.0,0.0,-0.0020254862931764483,-0.0020275403646694817,0.04519787716356854,0.04659213890012418
2014-06-10 00:00:00-04:00,79.48461595772868,79.55193483917543,79.4374922271058,79.45768737792969,758800,0.0,0.0,0.0,-0.001860440153381826,-0.0018621729216386047,0.03250891526227708,0.046146791959141016
2014-06-11 00:00:00-04:00,79.5115466001471,79.6259892151855,79.457689439152,79.51828002929688,507500,0.0,0.0,0.0,0.000762577585212032,0.0007622869706600086,0.032588692727757315,0.0442429927720075
2014-06-12 00:00:00-04:00,79.55869294699913,79.84143541844215,79.47790718254268,79.77411651611328,964800,0.0,0.0,0.0,0.0032173292319972457,0.0032121647026663058,0.037220783153432115,0.04198752130452431
2014-06-13 00:00:00-04:00,79.52500396416671,79.83467491876536,79.49134709246543,79.76062774658203,474700,0.0,0.0,0.0,-0.00016908704377216477,-0.00016910134059797862,0.03416158175347684,0.04140181091593204
2014-06-16 00:00:00-04:00,79.70679776346006,79.85490243052348,79.69333090130719,79.75392150878906,732400,0.0,0.0,0.0,-8.407955130784739e-05,-8.40830861914638e-05,0.02941394041088799,0.04124388378221726
2014-06-17 00:00:00-04:00,79.68660387549406,79.69333217057462,79.4779085976249,79.4846420288086,605200,0.0,0.0,0.0,-0.0033763791784306996,-0.003382092009355862,0.03751876844040624,0.04274602709005711
2014-06-18 00:00:00-04:00,79.66639156093527,79.9424057006836,79.55194892859674,79.9424057006836,791400,0.0,0.0,0.0,0.00575914617202522,0.005742625688614004,0.05569477644603413,0.047820112822474704
2014-06-19 00:00:00-04:00,80.0366732337546,80.04340666560948,79.57889745359132,79.65968322753906,610700,0.0,0.0,0.0,-0.003536576997733687,-0.0035428454698175006,0.05977485862880638,0.04905289690290363
2014-06-20 00:00:00-04:00,79.59909818006079,79.84818381507584,79.55870785831391,79.81452178955078,1151900,0.0,0.0,0.0,0.001943750662043664,0.0019418640231004378,0.06187020244126712,0.049553138290214765
2014-06-23 00:00:00-04:00,79.90873027165395,79.96258743174954,79.76735907847913,79.80775451660156,833300,0.0,0.0,0.0,-8.478748976359363e-05,-8.479108442599354e-05,0.06187036502151971,0.0493983973878252
2014-06-24 00:00:00-04:00,80.02994611475214,80.15112221718043,79.83471766438964,80.14439392089844,777600,0.0,0.0,0.0,0.0042181290068354915,0.004209257638976254,0.05804311087325151,0.05010733863124902
2014-06-25 00:00:00-04:00,80.40018430004169,80.40018430004169,80.20495590687413,80.22515106201172,827100,0.0,0.0,0.0,0.001007645540285651,0.001007138206298173,0.04530691711142243,0.04705659096108014
2014-06-26 00:00:00-04:00,80.27224148120153,80.46073636571033,80.27224148120153,80.37322235107422,698700,0.0,0.0,0.0,0.001845696606392666,0.0018439954013618307,0.02516169829390414,0.046396961092510326
2014-06-27 00:00:00-04:00,80.46075511521248,80.52134570569548,80.35977935791016,80.35977935791016,729300,0.0,0.0,0.0,-0.00016725711338716476,-0.00016727110241801908,0.02856177124792822,0.04640286242078399
2014-06-30 00:00:00-04:00,80.40691214249115,80.42037386627983,80.22514548667989,80.28573608398438,857200,0.0,0.0,0.0,-0.0009213971780087649,-0.0009218219253159428,0.031682159297937974,0.04165324836716861
2014-07-01 00:00:00-04:00,80.13720384869863,80.231712817728,79.96843709681012,79.97518920898438,5448400,0.33,0.0,0.0,-0.0038680205245318344,-0.0038755206626266596,0.03493805206051608,0.04065587647269974
2014-07-02 00:00:00-04:00,79.8739620703308,79.8739620703308,79.63768954735306,79.69169616699219,3278000,0.0,0.0,0.0,-0.003544762379384836,-0.0035510599361807554,0.03802490609231117,0.04284549328540294
2014-07-03 00:00:00-04:00,79.49590419523449,79.65791885929005,79.42839851440743,79.61066436767578,648400,0.0,0.0,0.0,-0.0010168160952002125,-0.001017333403387199,0.026703117198894195,0.04239468207488383
2014-07-07 00:00:00-04:00,79.6714009986886,79.80641748199406,79.62414651711974,79.75241088867188,1219200,0.0,0.0,0.0,0.0017804966473016215,0.0017789134421285267,0.0364746713595586,0.04219131880837953
2014-07-08 00:00:00-04:00,79.98871026857738,80.10347560567375,79.96845907684094,80.04946899414062,1296400,0.0,0.0,0.0,0.003724753924786217,0.0037178342063953532,0.052586589857960934,0.04345911237111017
2014-07-09 00:00:00-04:00,80.00893711050857,80.2452146764691,79.90768118264248,80.17770385742188,836700,0.0,0.0,0.0,0.0016019452082891572,0.0016006634627388251,0.04483909960124153,0.04293040846561043
2014-07-10 00:00:00-04:00,80.29246984916546,80.3127210349126,80.0966998030224,80.11695098876953,524000,0.0,0.0,0.0,-0.000757727718922685,-0.0007580149396699432,0.03128005153639274,0.043124507826191004
2014-07-11 00:00:00-04:00,80.22495351574241,80.40722447564418,80.22495351574241,80.3667221069336,1259300,0.0,0.0,0.0,0.003117581424174176,0.0031127318438993416,0.027470982179094272,0.04303878980968697
2014-07-14 00:00:00-04:00,80.23846990414819,80.28572439159232,80.15071304185274,80.19796752929688,690900,0.0,0.0,0.0,-0.0020998066514666958,-0.0021020143364692927,0.039607077555767034,0.04389875254061673
2014-07-15 00:00:00-04:00,80.13723280028759,80.36000622934753,79.99546929552791,80.1102294921875,791400,0.0,0.0,0.0,-0.0010940182128347242,-0.0010946170875861657,0.03399869766224783,0.04415458676617058
2014-07-16 00:00:00-04:00,80.19126251672357,80.32627394576159,80.12375680220455,80.29927062988281,963800,0.0,0.0,0.0,0.0023597627780325148,0.002356982910208401,0.036375146582957756,0.04261440863636846
2014-07-17 00:00:00-04:00,80.45450411550372,80.66377328642008,80.37349420239721,80.60301971435547,847900,0.0,0.0,0.0,0.003782712870116889,0.0037755764029305523,0.04188203945837619,0.03987712435057308
2014-07-18 00:00:00-04:00,80.56923763324994,80.59624092868248,80.38021971557413,80.49497985839844,539300,0.0,0.0,0.0,-0.0013403946445171844,-0.0013412937769700698,0.04106163329354182,0.03769320048882588
2014-07-21 00:00:00-04:00,80.58274185614219,80.65024751954756,80.47472867441203,80.49497985839844,852600,0.0,0.0,0.0,0.0,0.0,0.03560368013394042,0.037352355310145406
2014-07-22 00:00:00-04:00,80.54228953006088,80.6030482740075,80.454532622533,80.55579376220703,1017500,0.0,0.0,0.0,0.0007554993356799766,0.0007552140897165859,0.031815910115712075,0.03731867253054149
2014-07-23 00:00:00-04:00,80.64352407023608,80.70428279414202,80.60977380171394,80.65027618408203,1597800,0.0,0.0,0.0,0.0011728817688012594,0.001172194480332383,0.029942918660338068,0.03473750783835939
2014-07-24 00:00:00-04:00,80.40727326315495,80.44777565644056,80.31951636091772,80.33301544189453,813400,0.0,0.0,0.0,-0.003933783704142102,-0.003941541382627054,0.03270579273296393,0.03773355747733322
2014-07-25 00:00:00-04:00,80.58275534900095,80.64350891113281,80.48149426176165,80.64350891113281,655400,0.0,0.0,0.0,0.0038650792271437417,0.0038576289994041815,0.04466653463869713,0.03962736978949445
2014-07-28 00:00:00-04:00,80.6097852217715,80.67729091873316,80.48827290709868,80.54902648925781,1290600,0.0,0.0,0.0,-0.001171606036874162,-0.0011722929037709965,0.046034632473298635,0.03990044670141628
2014-07-29 00:00:00-04:00,80.69078908242619,80.70429331187802,80.52202226675966,80.62328338623047,787500,0.0,0.0,0.0,0.0009218844747000965,0.0009214598001882683,0.04619021901796281,0.0397983245151481
2014-07-30 00:00:00-04:00,80.38696195618931,80.45446761130556,80.13043325625569,80.25194549560547,1305800,0.0,0.0,0.0,-0.004605839343531648,-0.004616478903533626,0.055560835077400325,0.040873386164770605
2014-07-31 00:00:00-04:00,79.90767018701095,80.15069468115311,79.90091807596487,80.02918243408203,2121700,0.0,0.0,0.0,-0.002775796401541908,-0.0027796560684609562,0.052195034686117754,0.04002737677154334
2014-08-01 00:00:00-04:00,79.97433373053904,80.48208579768954,79.9404866918017,80.44146728515625,2763600,0.339,0.0,0.0,0.005151681405889841,0.00513845689476936,0.05963587813443342,0.04336097742389539
2014-08-04 00:00:00-04:00,80.47538835713067,80.57016841089865,80.37383682377198,80.46184539794922,1779300,0.0,0.0,0.0,0.0002533284570844785,0.0002532963748490085,0.05947655778805959,0.043111596369744945
2014-08-05 00:00:00-04:00,80.33997252530853,80.55661335354621,80.2248832151783,80.54307556152344,2416200,0.0,0.0,0.0,0.0010095488510419859,0.001009039599314844,0.059584907453048515,0.04141714950162483
2014-08-06 00:00:00-04:00,80.63779831918633,80.64456979294992,80.3873054411447,80.40084838867188,1799500,0.0,0.0,0.0,-0.0017658522704775415,-0.0017674132254794069,0.048764014813982626,0.04174843393140234
2014-08-07 00:00:00-04:00,80.52273213798914,80.64459287500708,80.42118066295376,80.6107406616211,1839200,0.0,0.0,0.0,0.002610572862795646,0.0026071712363027505,0.04125622670189523,0.04249084644089622
2014-08-08 00:00:00-04:00,80.74613899830038,80.84092416253756,80.56335047575722,80.5904312133789,1048300,0.0,0.0,0.0,-0.00025194469217748594,-0.0002519764355732762,0.0255863822040779,0.041202475923638876
2014-08-11 00:00:00-04:00,80.65815031733875,80.75293033976992,80.57690808448754,80.62429809570312,770900,0.0,0.0,0.0,0.00042023453422834756,0.0004201462604260694,0.025565398096143336,0.040345875182647296
2014-08-12 00:00:00-04:00,80.69876848806386,80.70553996538528,80.54983214285927,80.58367919921875,1927400,0.0,0.0,0.0,-0.0005038046524902251,-0.0005039316046953589,0.025566533300412055,0.04013541789101315
2014-08-13 00:00:00-04:00,80.5904012816982,80.78673268269503,80.56332055413445,80.74610900878906,2260600,0.0,0.0,0.0,0.002015666338201827,0.002013637608512349,0.02201043682023205,0.03991894296830792
2014-08-14 00:00:00-04:00,80.87478601177366,80.90186675435145,80.69199745577801,80.83416748046875,1694200,0.0,0.0,0.0,0.0010905599385613307,0.0010899657100601585,0.016287345021553355,0.037877961136635316
2014-08-15 00:00:00-04:00,80.9492946856675,81.3622671644817,80.90867613533361,81.11854553222656,1729500,0.0,0.0,0.0,0.0035180426869185766,0.0035118688503882668,0.024468281790019288,0.03925057611609992
2014-08-18 00:00:00-04:00,81.02373089428173,81.06434942728154,80.87478938645076,80.93572235107422,1624200,0.0,0.0,0.0,-0.002253777850093619,-0.0022563214298869207,0.03547156651575164,0.04034668322877521
2014-08-19 00:00:00-04:00,81.06433455058588,81.09141528932389,80.76645675471336,80.88154602050781,1559000,0.0,0.0,0.0,-0.0006693747704061837,-0.0006695989017219584,0.035864427975423156,0.040439060257376834
2014-08-20 00:00:00-04:00,80.85445102715524,80.88153176111892,80.63781032056764,80.69873809814453,746700,0.0,0.0,0.0,-0.0022601932252498402,-0.0022627513172058518,0.03899440457358376,0.041178499839304626
2014-08-21 00:00:00-04:00,80.82743020050556,80.99668103938176,80.82065872071531,80.97637176513672,1817900,0.0,0.0,0.0,0.0034403718513482673,0.003434467310778433,0.046430330148623994,0.04006056972672621
2014-08-22 00:00:00-04:00,80.97635223569938,81.1591408249464,80.7935584813279,81.0779037475586,1014500,0.0,0.0,0.0,0.0012538470199228158,0.001253061610202004,0.03888160259109917,0.0380904662968484
2014-08-25 00:00:00-04:00,81.15910719516869,81.20649719238281,81.05078941516027,81.20649719238281,793300,0.0,0.0,0.0,0.0015860479721405696,0.0015847915264023042,0.03481093393912018,0.037962448053618626
2014-08-26 00:00:00-04:00,81.27420884546191,81.30128441903081,81.13880515200356,81.26066589355469,730100,0.0,0.0,0.0,0.0006670488574769262,0.000666826479273718,0.03280635486608785,0.037927568571332455
2014-08-27 00:00:00-04:00,81.30801296576917,81.43664511535837,81.25385151698212,81.39602661132812,1412400,0.0,0.0,0.0,0.0016657593964433115,0.001664373558028691,0.01647154230332325,0.03319474894511073
2014-08-28 00:00:00-04:00,81.57887688522632,81.64657616496936,81.45701611563929,81.57210540771484,1100200,0.0,0.0,0.0,0.002163235771047045,0.0021608993454327358,0.008780546807167132,0.030863475107718023
2014-08-29 00:00:00-04:00,81.5314670162083,81.70071775690747,81.50438627788171,81.63301849365234,1257900,0.0,0.0,0.0,0.0007467391657116629,0.0007464604947419145,0.010182844373073159,0.026587755835405354
2014-09-02 00:00:00-04:00,81.2922131601662,81.38725959768612,81.18359087999016,81.24468994140625,3493400,0.338,0.0,0.0,-0.004757003470063914,-0.004768354021786202,0.044220408873541374,0.03297678577629145
2014-09-03 00:00:00-04:00,81.10209732756663,81.3532943725586,81.06815514071316,81.3532943725586,838300,0.0,0.0,0.0,0.0013367572850688791,0.0013358646204779953,0.04501265218294642,0.03306598179328179
2014-09-04 00:00:00-04:00,81.14964034156709,81.2379014441407,80.75587358453363,80.7762451171875,4901900,0.0,0.0,0.0,-0.007093127080121553,-0.007118402899995064,0.06564609452150039,0.04208935347358652
2014-09-05 00:00:00-04:00,80.96632718261891,81.06137360375425,80.71513010982322,80.78981018066406,1557300,0.0,0.0,0.0,0.00016793382085134034,0.00016791972154572556,0.05986566403989145,0.04114427225571665
2014-09-08 00:00:00-04:00,80.93237093970873,80.99347516353484,80.63365068909422,80.65402221679688,1133000,0.0,0.0,0.0,-0.0016807560701471713,-0.0016821701253074918,0.05536524554058819,0.04162270404580229
2014-09-09 00:00:00-04:00,80.5793601141584,80.5929359560118,80.42999995556086,80.4367904663086,1853400,0.0,0.0,0.0,-0.0026933777698571193,-0.0026970114377895204,0.05165697485047227,0.04270152800933635
2014-09-10 00:00:00-04:00,80.27383003882822,80.38924797529732,80.24667318199083,80.30777740478516,1894800,0.0,0.0,0.0,-0.0016039061326977855,-0.0016051937671530878,0.04325163096440469,0.043012492329007654
2014-09-11 00:00:00-04:00,80.375682643015,80.48431009156407,80.24668884277344,80.24668884277344,1300200,0.0,0.0,0.0,-0.0007606805216860968,-0.0007609699859166434,0.017066994854291376,0.04226558355688923
2014-09-12 00:00:00-04:00,80.01589957352961,80.13131240522458,79.83938247940283,79.85974884033203,1296900,0.0,0.0,0.0,-0.004821881226769742,-0.004833544002167738,0.024785860304201872,0.04480717653068651
2014-09-15 00:00:00-04:00,80.03623429798503,80.07018167254455,79.84614143159281,79.88008880615234,3575600,0.0,0.0,0.0,0.00025469609052963804,0.0002546636609867075,0.030937112151332873,0.04225139415136275
2014-09-16 00:00:00-04:00,79.88690536230419,80.05663194215764,79.82580627978615,79.86653900146484,1567600,0.0,0.0,0.0,-0.0001696268105106924,-0.00016964119876522655,0.032152599148918805,0.0419241704257202
2014-09-17 00:00:00-04:00,79.98193166634013,80.04982642487813,79.60853639259538,79.6492691040039,1763300,0.0,0.0,0.0,-0.002720412079668999,-0.002724119125264704,0.03350298584303552,0.04255674369208844
2014-09-18 00:00:00-04:00,79.71036655434386,79.82577934658936,79.65605282400159,79.79183197021484,1521200,0.0,0.0,0.0,0.0017898829181317577,0.0017882829865437729,0.04164203978827914,0.04309299677070838
2014-09-19 00:00:00-04:00,79.88688384943393,80.12449996131188,79.7714710493279,80.10413360595703,739000,0.0,0.0,0.0,0.003913954950411025,0.003906315356264122,0.03899274617630421,0.04370474244343866
2014-09-22 00:00:00-04:00,80.14482216511016,80.22628753638556,80.04977577886247,80.17876434326172,1729400,0.0,0.0,0.0,0.0009316714874141319,0.0009312377509129501,0.03889614123009682,0.043544244059695106
2014-09-23 00:00:00-04:00,80.226306834273,80.30777740478516,80.15162677288039,80.30777740478516,904400,0.0,0.0,0.0,0.0016090677198654646,0.0016077745574067065,0.03829443055159789,0.04355932222699329
2014-09-24 00:00:00-04:00,80.26026066518871,80.27383650488052,80.07016783165585,80.11769104003906,786700,0.0,0.0,0.0,-0.0023669732980901026,-0.002369779007621124,0.036088898466501915,0.043763386352067814
2014-09-25 00:00:00-04:00,80.15161945605861,80.40960698264242,80.14483412719929,80.35529327392578,1375200,0.0,0.0,0.0,0.0029656650210747593,0.002961276111781535,0.03825051131813948,0.04492496092941796
2014-09-26 00:00:00-04:00,80.02940425640404,80.20592119356671,79.70353241202328,80.17876434326172,3295000,0.0,0.0,0.0,-0.0021968550355766503,-0.0021992716615670113,0.03765248255296478,0.043973143932809655
2014-09-29 00:00:00-04:00,80.1923672612797,80.26704732510599,80.02942611494541,80.14484405517578,3628200,0.0,0.0,0.0,-0.0004230582544365591,-0.0004231477688273074,0.0371934728540822,0.04360162945642592
2014-09-30 00:00:00-04:00,80.20594019277416,80.39603301029878,80.14484114984445,80.26025390625,1716100,0.0,0.0,0.0,0.0014400159166167992,0.0014389800879839845,0.03672553567159322,0.041875582804614384
2014-10-01 00:00:00-04:00,80.54961982977058,80.89003746772158,80.50877137541195,80.74706268310547,1973500,0.335,0.0,0.0,0.006065377981785414,0.00604705761938003,0.050409172736686186,0.047738774314602474
2014-10-02 00:00:00-04:00,80.74708233080973,80.8764427269031,80.59049308809247,80.74027252197266,1891200,0.0,0.0,0.0,-8.40917416334852e-05,-8.409527754221921e-05,0.04973562778095367,0.04059463969182302
2014-10-03 00:00:00-04:00,80.72666242319714,80.98537803488111,80.59049740533452,80.97176361083984,2535800,0.0,0.0,0.0,0.002867108094094961,0.002863005778999956,0.04185257658860433,0.041870262765964186
2014-10-06 00:00:00-04:00,80.95814849909523,81.12154755801487,80.93091445688155,81.01261138916016,1858400,0.0,0.0,0.0,0.0005044694162354979,0.000504342214317393,0.03892256080859877,0.04134184245964541
2014-10-07 00:00:00-04:00,81.21002710927623,81.44831840590989,81.1283302043508,81.30534362792969,1887900,0.0,0.0,0.0,0.003613415661462005,0.003606902959109465,0.03944948721111531,0.04149794426921319
2014-10-08 00:00:00-04:00,81.42789797217318,81.7547011901778,81.17599224443971,81.72065734863281,2297900,0.0,0.0,0.0,0.005108074108925553,0.005095072156203612,0.0344040954134744,0.04367995286666543
2014-10-09 00:00:00-04:00,81.5164268529997,81.65940166740424,81.36664222999627,81.38025665283203,1786200,0.0,0.0,0.0,-0.004165417984201669,-0.004174117504188956,0.05745890692718486,0.04692351960629751
2014-10-10 00:00:00-04:00,81.42790951015773,81.47556777845712,81.29855432155179,81.44833374023438,1371400,0.0,0.0,0.0,0.0008365307533098054,0.0008361810564670421,0.05640427457756832,0.04213737382666448
2014-10-13 00:00:00-04:00,81.64576606662085,81.82278469500332,81.56406915687586,81.65938568115234,1748200,0.0,0.0,0.0,0.002591237060675544,0.0025878855943040143,0.05677542487849389,0.042412912468879335
2014-10-14 00:00:00-04:00,81.76147572237754,81.87041181975437,81.62531079501552,81.84317779541016,2826400,0.0,0.0,0.0,0.002250716347235837,0.002248187279296782,0.054504866522837425,0.04231784378482747
2014-10-15 00:00:00-04:00,82.24490525546643,83.35466491016274,81.7887416626438,81.90448760986328,3497900,0.0,0.0,0.0,0.000749113317745076,0.0007488328724118141,0.04301406096027399,0.039739438519591504
2014-10-16 00:00:00-04:00,82.2040497712781,82.23809361282306,81.59129698399502,81.72065734863281,2229900,0.0,0.0,0.0,-0.002244446752491913,-0.002246969298290931,0.030306363918359495,0.041744150132438824
2014-10-17 00:00:00-04:00,81.74111603453302,81.83643259780742,81.53005867219161,81.68665313720703,1537800,0.0,0.0,0.0,-0.0004161030090680251,-0.00041618960394752927,0.03158438830882791,0.0408275966512478
2014-10-20 00:00:00-04:00,81.89087859945731,81.89768840767228,81.67982129404854,81.83641052246094,1735300,0.0,0.0,0.0,0.0018333152296294841,0.0018316367583953665,0.02889704277140101,0.04093821689153847
2014-10-21 00:00:00-04:00,81.70025821052238,81.86365727252192,81.66621435852299,81.78876495361328,1150000,0.0,0.0,0.0,-0.0005822050178334592,-0.0005823745649855167,0.02431528866904897,0.04126253716581153
2014-10-22 00:00:00-04:00,81.65259552001953,81.71386821707087,81.55046916390505,81.65259552001953,957000,0.0,0.0,0.0,-0.001664891671502522,-0.0016662791438493945,0.024837710940535544,0.04059116569207602
2014-10-23 00:00:00-04:00,81.49601745605469,81.598143832689,81.32580855978526,81.49601745605469,1408400,0.0,0.0,0.0,-0.0019176128201148224,-0.0019194537934713095,0.023562422540801597,0.04107697866055578
2014-10-24 00:00:00-04:00,81.48236340747434,81.6661866405378,81.42789534050709,81.53002166748047,1727800,0.0,0.0,0.0,0.0004172499772043814,0.00041716295263913327,0.024580406105225862,0.039648132974093295
2014-10-27 00:00:00-04:00,81.53002241476634,81.6389585496993,81.46874973463716,81.63214874267578,1946500,0.0,0.0,0.0,0.0012526315228007512,0.001251847634481986,0.021425316699792016,0.039386022726091735
2014-10-28 00:00:00-04:00,81.502769364669,81.53000339204796,81.31894617281058,81.35979461669922,2212700,0.0,0.0,0.0,-0.003336358654910443,-0.0033419367098310635,0.02949970296599322,0.04210904223905495
2014-10-29 00:00:00-04:00,81.31899629629089,81.35984476535774,80.92411044743538,81.2100601196289,3574000,0.0,0.0,0.0,-0.0018403991526249053,-0.0018420947678706825,0.029755455350788478,0.037843536519749095
2014-10-30 00:00:00-04:00,81.32580670454686,81.49601559693342,81.22368552460547,81.26453399658203,2542000,0.0,0.0,0.0,0.0006707774489131957,0.0006705525782733608,0.030846003356193794,0.03783979394836739
2014-10-31 00:00:00-04:00,81.23047603611272,81.31898796917761,81.03984294083799,81.25090026855469,1893700,0.0,0.0,0.0,-0.00016776971892706882,-0.0001677837938406148,0.029935890101130104,0.0366518949559122
2014-11-03 00:00:00-05:00,81.09728308019211,81.2270076292324,80.9948692366858,81.0904541015625,6621700,0.335,0.0,0.0,-0.0019747001751595494,-0.0019766524660999934,0.025169368644539634,0.03740471022988018
2014-11-04 00:00:00-05:00,81.1109199817137,81.33622412815909,81.09043305114311,81.20650482177734,2155400,0.0,0.0,0.0,0.001431126776889169,0.0014301036909575295,0.023950414849493347,0.03539600500368412
2014-11-05 00:00:00-05:00,81.11774246603628,81.14505316404846,80.98119418495831,81.0562973022461,1725300,0.0,0.0,0.0,-0.0018496981228400822,-0.0018514109268523648,0.023986293928411694,0.03015451466753673
2014-11-06 00:00:00-05:00,80.96754637944441,81.0494784837499,80.79003463359142,80.81051635742188,1458700,0.0,0.0,0.0,-0.003032225169473768,-0.003036831678551624,0.027876103762060834,0.028504019995683427
2014-11-07 00:00:00-05:00,80.90612971981912,81.3294379277652,80.90612971981912,81.3226089477539,1730000,0.0,0.0,0.0,0.006336954810028272,0.006316960735139933,0.06073642636409635,0.036969771398485896
2014-11-10 00:00:00-05:00,81.23378929453072,81.24744203485366,80.90606622798454,80.91289520263672,1710500,0.0,0.0,0.0,-0.005038128392811481,-0.005050862550549319,0.07067162393098804,0.039505095604199576
2014-11-11 00:00:00-05:00,80.90611267089844,80.96755785109546,80.83783851212917,80.90611267089844,805600,0.0,0.0,0.0,-8.382510255378062e-05,-8.382861607403853e-05,0.06895517386301098,0.03823214852992836
2014-11-12 00:00:00-05:00,81.13139980145306,81.23381361597284,80.80367663678639,80.89926147460938,1931400,0.0,0.0,0.0,-8.468082401802413e-05,-8.46844096414261e-05,0.06829031393374725,0.03796337892588334
2014-11-13 00:00:00-05:00,80.92658293178353,80.94706465561397,80.77637667838201,80.81051635742188,2128500,0.0,0.0,0.0,-0.001096983032599752,-0.001097585158875141,0.06485133845996517,0.03752595673956105
2014-11-14 00:00:00-05:00,80.73537832454997,81.0494434417918,80.69441489459973,80.91289520263672,1784800,0.0,0.0,0.0,0.001266900025264306,0.0012660981845904944,0.03817451003372041,0.038081294292011826
2014-11-17 00:00:00-05:00,81.001673883967,81.02898458129738,80.68077970156378,80.72174835205078,1770100,0.0,0.0,0.0,-0.0023623780870433153,-0.0023651729046345587,0.02142853081438914,0.03762055508608835
2014-11-18 00:00:00-05:00,80.70808408873116,80.81049789346709,80.67394962647417,80.7900161743164,2002900,0.0,0.0,0.0,0.0008457178351475303,0.0008453604173214113,0.023414027591544512,0.03801062752563744
2014-11-19 00:00:00-05:00,80.46910604034085,80.61931222960001,80.35986328125,80.35986328125,1890200,0.0,0.0,0.0,-0.005324332305346791,-0.00533855707666867,0.04241223269786007,0.0414222567111026
2014-11-20 00:00:00-05:00,80.70810822594287,80.76955861075527,80.47597506083478,80.66714477539062,2040100,0.0,0.0,0.0,0.003823818030465942,0.003816525821775447,0.05626976281068915,0.04427283452043754
2014-11-21 00:00:00-05:00,80.83102723105902,81.07681842363057,80.76958203740892,81.01537322998047,1820200,0.0,0.0,0.0,0.0043168560826027935,0.004307565188090135,0.06524190005139195,0.04740601436523215
2014-11-24 00:00:00-05:00,80.98799720862435,81.17233784990486,80.97433925950351,81.14502716064453,1592600,0.0,0.0,0.0,0.001600362073208128,0.0015990828584481103,0.06114423073462005,0.04757403716379844
2014-11-25 00:00:00-05:00,81.24745694307498,81.55469314203987,81.21331727253116,81.49324798583984,2052800,0.0,0.0,0.0,0.00429133906759227,0.0042821575301173085,0.06517065164173287,0.04879545506040224
2014-11-26 00:00:00-05:00,81.74585735969634,81.82778422396133,81.69806495254788,81.77316284179688,978200,0.0,0.0,0.0,0.0034348226739675525,0.0034289371438842816,0.017767727997497557,0.04961856941860923
2014-11-28 00:00:00-05:00,81.86877074853564,82.00531902479277,81.86877074853564,81.99166107177734,1037800,0.0,0.0,0.0,0.0026720041439902698,0.0026684406872202744,0.018292327494872442,0.05029395894841246
2014-12-01 00:00:00-05:00,82.02248380738726,82.07725278020206,81.4405171121805,81.70753479003906,6029800,0.335,0.0,0.0,-0.003465307057135325,-0.0034713251406626043,0.04851444389681739,0.05215890624030505
2014-12-02 00:00:00-05:00,81.43366339021065,81.44735432569897,81.15979766845703,81.15979766845703,1496200,0.0,0.0,0.0,-0.00670363049123357,-0.006726200747103095,0.07707302837807442,0.057322157710805385
2014-12-03 00:00:00-05:00,81.21460203103634,81.35838041307503,81.1666759036901,81.24198913574219,5153700,0.0,0.0,0.0,0.0010127115843845402,0.0010121991379524104,0.06876174854006094,0.057207470706322684
2014-12-04 00:00:00-05:00,81.20769961200574,81.47471717477836,81.18716060310824,81.37201690673828,2413000,0.0,0.0,0.0,0.0016004995985368087,0.0015992201640287057,0.06295180960869869,0.05701607806776857
2014-12-05 00:00:00-05:00,81.30359301550722,81.34467105412475,80.9954972787653,81.03657531738281,1118600,0.0,0.0,0.0,-0.004122321187391975,-0.004130841376744227,0.05626632568432259,0.05795933747514842
2014-12-08 00:00:00-05:00,81.1529576121306,81.5158275093188,81.07764440061366,81.41997528076172,1842000,0.0,0.0,0.0,0.004731196523018122,0.004720039589339464,0.07338392332972005,0.055929164512087126
2014-12-09 00:00:00-05:00,81.56376995266888,81.65962220041558,81.40630064146603,81.48845672607422,1369900,0.0,0.0,0.0,0.0008410889966050661,0.0008407354794673232,0.05043154505077669,0.052608227407408975
2014-12-10 00:00:00-05:00,81.46104431152344,81.65959159060563,81.4268091400658,81.46104431152344,2974000,0.0,0.0,0.0,-0.00033639629037185426,-0.0003364528842962889,0.05100061623738496,0.052644096034858937
2014-12-11 00:00:00-05:00,81.5089860287955,81.57745116127008,81.25565929272932,81.37889862060547,1915600,0.0,0.0,0.0,-0.0010084045891165516,-0.0010089133710917046,0.05095507686297366,0.05284629638111432
2014-12-12 00:00:00-05:00,81.57746019620964,81.90609495790676,81.47475987434603,81.50899505615234,3457700,0.0,0.0,0.0,0.0015986507282852447,0.0015973742464610362,0.03548636697733713,0.05276678701281844
2014-12-15 00:00:00-05:00,81.47472875786195,81.81021147250527,81.37887655367815,81.70066833496094,4318600,0.0,0.0,0.0,0.0023515598330778875,0.0023487992432014338,0.021805530709527593,0.05313260780493447
2014-12-16 00:00:00-05:00,81.70752401793492,81.8855375208901,81.57059376861812,81.67329406738281,2041000,0.0,0.0,0.0,-0.000335055613815749,-0.0003351117574891092,0.022862764748597383,0.052167736834453415
2014-12-17 00:00:00-05:00,81.83079321435947,82.08412001401393,81.56377547419541,81.69386291503906,1875200,0.0,0.0,0.0,0.000251843003164387,0.0002518112960386324,0.021944423785944085,0.05217190869685937
2014-12-18 00:00:00-05:00,81.64592880722365,81.82394235778465,81.3926020323313,81.77601623535156,2056600,0.0,0.0,0.0,0.0010056241360252294,0.0010051188348074445,0.016882290333420476,0.04731242647824986
2014-12-19 00:00:00-05:00,81.60484212560738,81.79654659504153,81.49529372961356,81.73492431640625,1088400,0.0,0.0,0.0,-0.0005024935285066201,-0.0005026198206888239,0.01850092438334651,0.04621949202205326
2014-12-22 00:00:00-05:00,81.85814357911065,82.02930898821621,81.70067432792362,81.99507904052734,2011400,0.0,0.0,0.0,0.0031829077508409576,0.003177853022947381,0.02377773679245575,0.045194018153406755
2014-12-23 00:00:00-05:00,81.88551302338605,81.89236110086942,81.31724273397656,81.37201690673828,1285700,0.0,0.0,0.0,-0.007598774720140256,-0.0076277925019524765,0.06473562000197065,0.053533988395716735
2014-12-24 00:00:00-05:00,81.35971330759942,81.68924089242353,81.29792361185332,81.63432312011719,466200,0.322,0.0,0.0,0.0032235432197722513,0.0032183587429296823,0.07074061352755981,0.05256246906804288
2014-12-26 00:00:00-05:00,81.76475709936183,81.78535191828635,81.59999331021916,81.69610595703125,499100,0.0,0.0,0.0,0.0007568242689188764,0.0007565380218485789,0.07050892188323471,0.05114381352443601
2014-12-29 00:00:00-05:00,81.88142201174355,81.98440129059483,81.77158128864758,81.85396575927734,826200,0.0,0.0,0.0,0.0019322806197044073,0.0019304161668854548,0.07192830890163228,0.050688517860379534
2014-12-30 00:00:00-05:00,82.07366591212738,82.19037333636435,81.90203549845731,81.9226303100586,1052000,0.0,0.0,0.0,0.0008388665123835182,0.0008385148605162945,0.06781556809080411,0.04915430187479319
2014-12-31 00:00:00-05:00,82.09429994826132,82.23846893609857,81.90893607979412,81.97759246826172,1231400,0.0,0.0,0.0,0.000670903241205778,0.0006706782862359701,0.01744945852059438,0.04199300427151582
2015-01-02 00:00:00-05:00,82.10801258616523,82.54738615314535,82.07368963615664,82.26591491699219,2523600,0.0,0.0,0.0,0.0035170885122308704,0.003510918020307743,0.019317054679878775,0.043314928900766804
2015-01-05 00:00:00-05:00,82.51307946654504,82.84947377431088,82.44442307750346,82.60232543945312,3218800,0.0,0.0,0.0,0.0040893062795250845,0.0040809677912929275,0.024549383549893358,0.04492552317069736
2015-01-06 00:00:00-05:00,82.82884943017547,83.18583843231407,82.70527530679188,82.93869018554688,5313400,0.0,0.0,0.0,0.004072097780592143,0.004063829229722557,0.027543613054027225,0.04247739737857655
2015-01-07 00:00:00-05:00,82.82196194423224,83.10343830258783,82.73271602554931,83.04851531982422,1636600,0.0,0.0,0.0,0.0013241725186599052,0.0013232965754117016,0.02570073461663492,0.040351102969858985
2015-01-08 00:00:00-05:00,82.82884854836873,82.84257667848954,82.6366233002063,82.78079223632812,2156900,0.0,0.0,0.0,-0.003223694998821802,-0.003228902297718378,0.04937348943776583,0.04304484302572409
2015-01-09 00:00:00-05:00,82.67095550623512,83.0828675466944,82.65036068987402,83.00048828125,1530400,0.0,0.0,0.0,0.0026539495333008922,0.0026504340278472606,0.04801552380881032,0.04331440672342819
2015-01-12 00:00:00-05:00,83.02792779395962,83.19955820184346,82.97987148926192,83.15836334228516,1948000,0.0,0.0,0.0,0.0019020979792334636,0.0019002912815200988,0.04371559210635827,0.04280702903625243
2015-01-13 00:00:00-05:00,83.15837653767309,83.2613558462928,83.00734615447544,83.23389434814453,1468300,0.0,0.0,0.0,0.0009082791294061643,0.0009078668935156597,0.03645133413724329,0.04276740902737874
2015-01-14 00:00:00-05:00,83.55652591504281,83.6320436943432,83.30937777146757,83.3780288696289,2457000,0.0,0.0,0.0,0.0017316806165705856,0.0017301829863871872,0.03699260217520624,0.04257356770237241
2015-01-15 00:00:00-05:00,83.4330035209896,83.94102824734156,83.37808051334444,83.81059265136719,2171300,0.0,0.0,0.0,0.005187982824763626,0.005174571606649776,0.02599694500623503,0.044702620702291494
2015-01-16 00:00:00-05:00,83.55654714150364,83.69385461045054,83.22701969151983,83.3437271118164,1322500,0.0,0.0,0.0,-0.00557048369163593,-0.005586056695618222,0.06246106339744633,0.05086017281206358
2015-01-20 00:00:00-05:00,83.55655214856586,83.79683368644115,83.50162915769587,83.53595733642578,1648900,0.0,0.0,0.0,0.0023064750194272676,0.002303819188873576,0.06296152403717288,0.051069529821673953
2015-01-21 00:00:00-05:00,83.81056294121352,83.83115775234319,83.28880502903598,83.50162506103516,1878000,0.0,0.0,0.0,-0.0004109879923007709,-0.00041107247101296237,0.06366020953821308,0.05103317639673042
2015-01-22 00:00:00-05:00,83.67327693473655,83.72819993700087,83.24077007683303,83.46045684814453,1938400,0.0,0.0,0.0,-0.0004930228945907444,-0.0004931444703394337,0.06323416434583554,0.05068604996827414
2015-01-23 00:00:00-05:00,83.81744278983625,84.03713479077466,83.78311984299881,83.94788360595703,1436300,0.0,0.0,0.0,0.0058402119544991304,0.005823224026638226,0.06655515377218267,0.04264092419864603
2015-01-26 00:00:00-05:00,83.99595063969213,84.07833515055638,83.75566903018756,83.92729949951172,2347900,0.0,0.0,0.0,-0.00024520101712066644,-0.00024523108380508646,0.04355164612330563,0.042626883749908306
2015-01-27 00:00:00-05:00,84.22246424084852,84.32544352123638,83.89293159115614,83.98904418945312,1268000,0.0,0.0,0.0,0.0007356925614145915,0.0007354220722985547,0.04291377979168761,0.04263110901580361
2015-01-28 00:00:00-05:00,84.02337479060766,84.67556818900748,84.00964666377294,84.5588607788086,1367900,0.0,0.0,0.0,0.0067844156920053855,0.006761505108770469,0.05562726760131694,0.04673393204082027
2015-01-29 00:00:00-05:00,84.34608937013755,84.46279684758659,84.22938189268852,84.35981750488281,1674500,0.0,0.0,0.0,-0.0023539020286288403,-0.0023566768112418686,0.06305888989464896,0.04878102983582736
2015-01-30 00:00:00-05:00,84.81978483070675,85.06006645379657,84.73740031518459,85.0531997680664,3499000,0.0,0.0,0.0,0.008219342854119516,0.008185748015104395,0.07326148398362985,0.05419638016066819
2015-02-02 00:00:00-05:00,84.83635733346263,85.16678363187181,84.70556807638111,85.13236236572266,5684700,0.335,0.0,0.0,0.0009307421457642739,0.0009303092738672462,0.07078990829628072,0.05391729471658498
2015-02-03 00:00:00-05:00,84.71246938122604,84.80196259488729,84.34074167173488,84.44400024414062,2828500,0.0,0.0,0.0,-0.008085786679158269,-0.008118653943961952,0.10629236169575826,0.06332015412041418
2015-02-04 00:00:00-05:00,84.16174630393469,84.5816605499401,84.11355968153806,84.56100463867188,3209500,0.0,0.0,0.0,0.0013855856448412585,0.0013846266068356452,0.09433742146579671,0.062364587922334055
2015-02-05 00:00:00-05:00,84.38889947925642,84.45774200531075,84.23057427400512,84.29252624511719,1789300,0.0,0.0,0.0,-0.0031749669330667363,-0.003180017834376284,0.09580727045770827,0.06405377773314558
2015-02-06 00:00:00-05:00,83.95521557750449,84.04470350401415,83.39074155594622,83.41139221191406,2578400,0.0,0.0,0.0,-0.010453287764099595,-0.010508307134724943,0.08409873811010025,0.07432211256312066
2015-02-09 00:00:00-05:00,83.67984299056769,83.72114954544038,83.37007271472518,83.46644592285156,2426900,0.0,0.0,0.0,0.0006600262803146961,0.0006598085587653719,0.08313971160876485,0.07385204085431485
2015-02-10 00:00:00-05:00,83.45272127139206,83.50090789895529,83.2186681861218,83.23931884765625,2580300,0.0,0.0,0.0,-0.0027211782253823147,-0.002724887361190603,0.0745392559656135,0.07433552109905178
2015-02-11 00:00:00-05:00,83.31502321561075,83.328793821587,83.04655417049504,83.29437255859375,2239600,0.0,0.0,0.0,0.0006613906949222148,0.0006611720724878014,0.07207676501684346,0.07430327235302825
2015-02-12 00:00:00-05:00,83.29434677639678,83.59723699075177,83.22550952366494,83.50774383544922,4045600,0.0,0.0,0.0,0.002561652970077599,0.0025583775296101167,0.08204416780545519,0.07461066785692567
2015-02-13 00:00:00-05:00,83.49400092510473,83.54218754016199,83.17045997317155,83.1773452758789,2068700,0.0,0.0,0.0,-0.003956502048736432,-0.003964349709329984,0.04269319574410731,0.07337125277553558
2015-02-17 00:00:00-05:00,83.06033682379638,83.14293946384531,82.6473026157592,82.79186248779297,2970300,0.0,0.0,0.0,-0.004634468517928592,-0.004645240963074989,0.04921724510740844,0.07256191712378092
2015-02-18 00:00:00-05:00,82.8400417055349,83.29437719297692,82.7505537694998,83.08786010742188,3221900,0.0,0.0,0.0,0.00357520184634752,0.0035688260043222762,0.05954051885166235,0.0733074373733868
2015-02-19 00:00:00-05:00,83.04654546378023,83.34943574013374,82.9777081969581,83.07408142089844,2765500,0.0,0.0,0.0,-0.00016583272821835138,-0.00016584647998557528,0.058934319213717105,0.07330585002530558
2015-02-20 00:00:00-05:00,83.30810607527903,83.51462307042041,82.92949858678028,83.19796752929688,1621100,0.0,0.0,0.0,0.0014912726843256952,0.0014901618414588013,0.055810785415593846,0.07355530546076543
2015-02-23 00:00:00-05:00,83.39766009955221,83.48714806173034,83.33570285500645,83.48026275634766,2191400,0.0,0.0,0.0,0.0033930543669997704,0.0033873109461902374,0.053449370116914495,0.0713944437728217
2015-02-24 00:00:00-05:00,83.33567981696326,84.05159907232083,83.15670394208468,84.02406311035156,1891700,0.0,0.0,0.0,0.006514118859341389,0.0064929936787472735,0.03978595402768667,0.07534734201502909
2015-02-25 00:00:00-05:00,83.92768902944955,84.12043550935755,83.80377982780188,84.09978485107422,2024500,0.0,0.0,0.0,0.000901191134058843,0.0009007853051301096,0.04167191445921696,0.07536907079677667
2015-02-26 00:00:00-05:00,83.98276074574552,84.08601928885524,83.59726778688011,83.64545440673828,1192200,0.0,0.0,0.0,-0.0054022783190287305,-0.005416923392870482,0.06949178085470326,0.07337145639619003
2015-02-27 00:00:00-05:00,83.66610402168114,83.88638645999276,83.50777355729423,83.84508514404297,2892800,0.0,0.0,0.0,0.002386629838053711,0.0023837863603822103,0.06987219988575737,0.07373951299934166
2015-03-02 00:00:00-05:00,83.76707174617975,83.76707174617975,83.104445577913,83.11824798583984,4540700,0.327,0.0,0.0,-0.008668810544523176,-0.008706603253052928,0.09709103002451024,0.07222591768365164
2015-03-03 00:00:00-05:00,83.17345224243027,83.35981367726596,83.063011935799,83.06991577148438,4737600,0.0,0.0,0.0,-0.0005814874053132746,-0.0005816565346821201,0.07332735283754621,0.07184933781390966
2015-03-04 00:00:00-05:00,83.28395237328493,83.29085094784199,82.96643889668674,83.01475524902344,2703200,0.0,0.0,0.0,-0.0006640252605127905,-0.0006642458229308396,0.06981676094477927,0.06711068796085451
2015-03-05 00:00:00-05:00,83.17346891520629,83.22868907959123,82.91807960448942,83.12515258789062,1307600,0.0,0.0,0.0,0.001329852006863419,0.0013289685368528443,0.06906286438169135,0.06708640994990357
2015-03-06 00:00:00-05:00,82.62130322884613,82.69722966171935,82.2140662398774,82.2416763305664,3372800,0.0,0.0,0.0,-0.01062826629268554,-0.010685149722049007,0.08579214268979184,0.07523770979483566
2015-03-09 00:00:00-04:00,82.5453650719239,82.60748908367219,82.40041606595865,82.5729751586914,6241000,0.0,0.0,0.0,0.004028356946341516,0.004020264841143707,0.08811593747109034,0.06896575498891686
2015-03-10 00:00:00-04:00,82.84212377016162,82.95946789432118,82.68337243654791,82.7040786743164,3356900,0.0,0.0,0.0,0.0015877291011137107,0.0015864699918378869,0.09054728904717259,0.06925003662649906
2015-03-11 00:00:00-04:00,82.87666711424306,83.13205642495993,82.74552054034999,83.12515258789062,1712200,0.0,0.0,0.0,0.005091331894674589,0.005078414889067477,0.10008549779618714,0.07137129226352992
2015-03-12 00:00:00-04:00,83.26322623610993,83.32535025883098,82.88359932469706,83.04235076904297,2970700,0.0,0.0,0.0,-0.0009961102779343367,-0.0009966067254822907,0.09991307342714555,0.07139190431404917
2015-03-13 00:00:00-04:00,82.82836921359684,83.03544224306519,82.75934662580269,82.80766296386719,1845300,0.0,0.0,0.0,-0.0028261218884385597,-0.002830122910932228,0.05275035178247526,0.07124729299293404
2015-03-16 00:00:00-04:00,83.11827459965411,83.11827459965411,82.76625779091746,82.89049530029297,1588300,0.0,0.0,0.0,0.0010002979610947982,0.0009997979964705983,0.04725623650157586,0.07013992025841188
2015-03-17 00:00:00-04:00,82.89734925281856,83.08371593690116,82.74549647796108,83.02849578857422,2528800,0.0,0.0,0.0,0.001664852982013354,0.0016634686505467638,0.04734325921157861,0.06835562941518354
2015-03-18 00:00:00-04:00,83.20110667550496,84.13292487862437,83.07686389734994,84.05009460449219,3382500,0.0,0.0,0.0,0.012304195158724607,0.012229113799227939,0.09367746051241015,0.08015792854319324
2015-03-19 00:00:00-04:00,83.84990294728479,83.93963176504323,83.55310114567177,83.62212371826172,2503000,0.0,0.0,0.0,-0.005091854902059767,-0.005104862569455382,0.10623329884059782,0.08264105316169032
2015-03-20 00:00:00-04:00,83.84302436998415,84.00867964732471,83.76709793743508,83.85682678222656,3669300,0.0,0.0,0.0,0.0028067101566997543,0.002802778700335552,0.09938772067229419,0.08301481423950675
2015-03-23 00:00:00-04:00,83.91204941369172,84.0915123746015,83.89824700104626,84.05009460449219,2946600,0.0,0.0,0.0,0.0023047356987109247,0.0023020838691197565,0.09854507972745738,0.08258445470152409
2015-03-24 00:00:00-04:00,84.13291153818821,84.20883796091523,84.00176494146233,84.17432403564453,2782100,0.0,0.0,0.0,0.0014780403488767746,0.0014769491223592015,0.09868919747272668,0.07947770848589282
2015-03-25 00:00:00-04:00,84.20880513076926,84.41587806949147,83.82227459564362,83.89820098876953,3205900,0.0,0.0,0.0,-0.0032803714201266043,-0.0032857636339923483,0.05691969789117304,0.08030125904980674
2015-03-26 00:00:00-04:00,83.70496852322543,83.78089495088184,83.32534165102935,83.38056182861328,2681800,0.0,0.0,0.0,-0.006169848149968571,-0.006188960316394459,0.06278219128057129,0.08101552241494214
2015-03-27 00:00:00-04:00,83.64285332366039,83.89133886725037,83.53931680281687,83.71187591552734,1009700,0.0,0.0,0.0,0.003973517084174594,0.003965643515446953,0.06713398324032556,0.08186490277508916
2015-03-30 00:00:00-04:00,83.80851044024864,83.92584937561128,83.7118777562928,83.85682678222656,981100,0.0,0.0,0.0,0.0017315448389363386,0.0017300474434607967,0.0658225646147255,0.07544295611562599
2015-03-31 00:00:00-04:00,83.84296605369984,84.04313512154997,83.73942960259356,84.00862121582031,1688400,0.0,0.0,0.0,0.0018101619083197296,0.0018085255396830854,0.06647552894221301,0.07548557549899002
2015-04-01 00:00:00-04:00,84.22945359860482,84.55474486403796,84.16716647817354,84.2502212524414,7393500,0.329,0.0,0.0,0.002875895748847279,0.0028717682722361657,0.06391226883291545,0.07576166569135413
2015-04-02 00:00:00-04:00,84.39553706065011,84.5201165433649,84.09100826282332,84.11177062988281,3013700,0.0,0.0,0.0,-0.001643326515947674,-0.0016446782580721113,0.03342167684099468,0.07619356131244512
2015-04-06 00:00:00-04:00,84.44396239498512,84.54777948365599,84.02177677331838,84.22248840332031,3496000,0.0,0.0,0.0,0.0013163172360821651,0.001315451650056435,0.02698649760128835,0.06360165440339745
2015-04-07 00:00:00-04:00,84.16022265454787,84.53396112374786,84.07025063210195,84.52703857421875,2613500,0.0,0.0,0.0,0.0036160196245926812,0.003609497543549989,0.03208058120560033,0.06337474403722633
2015-04-08 00:00:00-04:00,84.52705168230547,84.52705168230547,84.2294453706998,84.4993667602539,3933500,0.0,0.0,0.0,-0.0003273723347180235,-0.00032742593273878487,0.034662634020414015,0.06357467792871388
2015-04-09 00:00:00-04:00,84.48553000877499,84.48553000877499,83.99413450531485,84.07026672363281,1780600,0.0,0.0,0.0,-0.005078144997684553,-0.005091082593904968,0.05174920342753386,0.06529348123815559
2015-04-10 00:00:00-04:00,84.30556129362209,84.36785367628943,84.1325345245076,84.18790435791016,1325000,0.0,0.0,0.0,0.0013992775194118234,0.0013982994429176457,0.05173815105892544,0.06508305799980592
2015-04-13 00:00:00-04:00,84.19484764783117,84.33326698507794,84.11871542823766,84.16024017333984,1710100,0.0,0.0,0.0,-0.0003286004656049002,-0.0003286544665680498,0.050781644040639715,0.06388459438963887
2015-04-14 00:00:00-04:00,84.47171195602267,84.65165608172892,84.33328730506342,84.35404968261719,2245000,0.0,0.0,0.0,0.0023028630726120713,0.0023002155472596564,0.04520618167128451,0.06410081734577046
2015-04-15 00:00:00-04:00,84.54091065056113,84.63780525345555,84.40940856933594,84.40940856933594,1560900,0.0,0.0,0.0,0.0006562682755248961,0.0006560530256694517,0.04584928947938954,0.0640376490409889
2015-04-16 00:00:00-04:00,84.53398874632211,84.53398874632211,84.1394877799846,84.3609619140625,1820500,0.0,0.0,0.0,-0.0005739485217888252,-0.0005741132932915803,0.019017378222643867,0.04766285775617488
2015-04-17 00:00:00-04:00,84.31248867803522,84.67930460473679,84.1948317355759,84.5893325805664,1625800,0.0,0.0,0.0,0.002707065701035294,0.00270340819792767,0.023760110574593294,0.044109593897484714
2015-04-20 00:00:00-04:00,84.5685448557996,84.67927921539571,84.3263032134921,84.38859558105469,1527200,0.0,0.0,0.0,-0.00237307699904743,-0.0023758972088692926,0.03324582427612723,0.04447028121985192
2015-04-21 00:00:00-04:00,84.47169892701878,84.50630112415112,84.28482699713724,84.36788177490234,2441600,0.0,0.0,0.0,-0.0002454574105625884,-0.00024548754016324515,0.029458030692186638,0.04387798840250922
2015-04-22 00:00:00-04:00,84.38858758072678,84.3955101276567,83.80721508680419,83.82106018066406,2106000,0.0,0.0,0.0,-0.0064813953217082165,-0.006502490765711275,0.05362821070261199,0.0495183338149052
2015-04-23 00:00:00-04:00,83.84187821955155,84.15332439359632,83.77266854535934,84.0356674194336,1962900,0.0,0.0,0.0,0.0025603021282119,0.0025570301383830993,0.06078396254774102,0.049046107933682574
2015-04-24 00:00:00-04:00,84.16714692981857,84.31941134043221,84.09793727418281,84.19483184814453,1690200,0.0,0.0,0.0,0.0018940104077060926,0.0018922190315605702,0.058070275359123735,0.04343507717873978
2015-04-27 00:00:00-04:00,84.19481495683358,84.27094714686663,83.96641838673445,84.13252258300781,1564700,0.0,0.0,0.0,-0.0007400604498991603,-0.0007403344298167199,0.05665203193602867,0.04160459504287403
2015-04-28 00:00:00-04:00,83.89723568298217,84.00797008926699,83.57886700441985,83.63423156738281,1972700,0.0,0.0,0.0,-0.005922691966514737,-0.005940300668282044,0.06766444044012138,0.04657388991477535
2015-04-29 00:00:00-04:00,83.0597550880109,83.15664963687917,82.77598870892747,82.94209289550781,3087100,0.0,0.0,0.0,-0.008275782044070756,-0.008310216440934957,0.07624441127422107,0.05414909079582135
2015-04-30 00:00:00-04:00,82.81752527899583,83.05976167036334,82.47838905072399,83.01131439208984,5716000,0.0,0.0,0.0,0.0008345761984718258,0.000834228133400718,0.07036086434404865,0.052864174819072914
2015-05-01 00:00:00-04:00,82.74065587065235,82.91416001220465,82.44917018362675,82.55326843261719,3462200,0.33,0.0,0.0,-0.005517873832344811,-0.005533153531717089,0.06058092004646256,0.05547173088072352
2015-05-04 00:00:00-04:00,82.5949044743481,82.6990080074847,82.28259387493833,82.28953552246094,2689600,0.0,0.0,0.0,-0.003194699800063261,-0.003199813748059874,0.054670504185032796,0.055361099846851315
2015-05-05 00:00:00-04:00,82.33813901095151,82.37284196314123,81.92867170873379,82.1507568359375,3307400,0.0,0.0,0.0,-0.0016864682203189263,-0.0016878919087433472,0.0555763163806755,0.05242258156902378
2015-05-06 00:00:00-04:00,82.10219834268344,82.10219834268344,81.67190597446925,81.79682922363281,2105900,0.0,0.0,0.0,-0.004308269648830021,-0.004317576984474273,0.03909801484031999,0.053220979280787846
2015-05-07 00:00:00-04:00,81.90090834761605,82.17851607337558,81.79680478859036,82.12299346923828,3641200,0.0,0.0,0.0,0.003987492531204673,0.0039795635536980754,0.05885118868424735,0.05510054857668826
2015-05-08 00:00:00-04:00,82.65042696686368,82.74759415351323,82.46998647933472,82.59490966796875,5393700,0.0,0.0,0.0,0.005746456367390351,0.00573000846833978,0.07120297590179009,0.0597488144896045
2015-05-11 00:00:00-04:00,82.31730029785574,82.34506159419423,81.67880636684787,81.7620849609375,3882800,0.0,0.0,0.0,-0.010083244964843474,-0.010134425211986665,0.10163085566311121,0.06788656975783544
2015-05-12 00:00:00-04:00,81.51225440323545,81.88008767989051,81.33875023865221,81.64411926269531,3737200,0.0,0.0,0.0,-0.0014427921976126745,-0.0014438340244891234,0.10158247851146265,0.0664372340293212
2015-05-13 00:00:00-04:00,82.03972644221489,82.08830740709853,81.54003349202432,81.56779479980469,3263600,0.0,0.0,0.0,-0.0009348433614067009,-0.0009352805999828435,0.09787700604633835,0.06595154281309672
2015-05-14 00:00:00-04:00,81.7204213944965,81.99108733475693,81.62325953362989,81.84534454345703,3094300,0.0,0.0,0.0,0.0034026878418564888,0.003396911798588089,0.09624519721629875,0.06832208539389505
2015-05-15 00:00:00-04:00,82.03968968379066,82.46304017163224,81.96334744533229,82.41445922851562,1856500,0.0,0.0,0.0,0.00695353765364648,0.0069294733012135205,0.1015445832134243,0.0732764073948494
2015-05-18 00:00:00-04:00,82.1090865359746,82.22707335953606,81.72043900873805,81.78289794921875,2820500,0.0,0.0,0.0,-0.007663233918039913,-0.007692747370759208,0.08752269084830795,0.07664101570321656
2015-05-19 00:00:00-04:00,81.40815975098779,81.75516809554455,81.33875384613474,81.34569549560547,3562500,0.0,0.0,0.0,-0.005345890945130716,-0.005360231351127071,0.09575277178706178,0.07761656677575807
2015-05-20 00:00:00-04:00,81.46367548804375,81.67188260872598,81.27629331537138,81.44285583496094,2626800,0.0,0.0,0.0,0.0011944127930003656,0.0011937000495238215,0.09663744703486693,0.07626097747047828
2015-05-21 00:00:00-04:00,81.58166601309667,81.85926845991155,81.49144045244729,81.83151245117188,1606900,0.0,0.0,0.0,0.004772138847863205,0.004760788289906504,0.1003533026058177,0.07817498420588403
2015-05-22 00:00:00-04:00,81.76905169722203,81.78987135213235,81.55390820324544,81.77599334716797,2858500,0.0,0.0,0.0,-0.0006784562858597187,-0.000678686541477101,0.07938884029417985,0.07730219190241452
2015-05-26 00:00:00-04:00,81.79678945861652,82.17850067186318,81.76208651380283,82.13685607910156,2232300,0.0,0.0,0.0,0.004412819914049848,0.004403111973371183,0.06589284121961529,0.08004100733512526
2015-05-27 00:00:00-04:00,82.14379630847375,82.27566114257736,81.95640888159747,82.22013854980469,2282700,0.0,0.0,0.0,0.0010139476317783114,0.001013433934090695,0.037397562755268204,0.07836801614454454
2015-05-28 00:00:00-04:00,82.19237368788647,82.2340129831967,82.02581121171988,82.046630859375,2901000,0.0,0.0,0.0,-0.002110282146077669,-0.0021125119289786744,0.048414551812904306,0.0735154247075976
2015-05-29 00:00:00-04:00,82.24094782666754,82.28952876548543,81.9841598386728,82.0813217163086,2845800,0.0,0.0,0.0,0.0004228187869537159,0.0004227294242790065,0.03865669270998859,0.07342835463057473
2015-06-01 00:00:00-04:00,82.02498409391613,82.11545603171218,81.57957479912425,81.62133026123047,5315800,0.329,0.0,0.0,-0.005604094152722783,-0.005619856003205131,0.05931392488068917,0.07350627293467957
2015-06-02 00:00:00-04:00,81.33599094695006,81.41950186964941,81.14111973802406,81.2037582397461,7084900,0.0,0.0,0.0,-0.00511596686978677,-0.005129098233854922,0.04846044632452159,0.07472680258929372
2015-06-03 00:00:00-04:00,81.03672289820456,81.03672289820456,80.5286751610847,80.6817855834961,3307900,0.0,0.0,0.0,-0.00642793717390433,-0.006448685321711156,0.045301148389752494,0.07744223609497125
2015-06-04 00:00:00-04:00,80.81404260072313,81.19681346226083,80.81404260072313,81.09938049316406,2849100,0.0,0.0,0.0,0.005175826323722266,0.005162477774691412,0.07904955311941377,0.07918834039014457
2015-06-05 00:00:00-04:00,80.66782009899754,80.87660256812997,80.38247715524797,80.6886978149414,5548400,0.0,0.0,0.0,-0.005063943469423626,-0.005076808682005171,0.07666098044715175,0.07903007624347276
2015-06-08 00:00:00-04:00,80.78615939547038,80.86967028891347,80.63304901123047,80.63304901123047,2131100,0.0,0.0,0.0,-0.0006896728441270206,-0.0006899107778468903,0.07572188104552711,0.07508855077699013
2015-06-09 00:00:00-04:00,80.5008372056835,80.5008372056835,80.20157737069334,80.27117156982422,6152300,0.0,0.0,0.0,-0.004487954329444377,-0.00449805542999137,0.07443583557764974,0.06865053009565493
2015-06-10 00:00:00-04:00,80.15982914362532,80.22942334903365,79.98584097525573,80.05543518066406,1959600,0.0,0.0,0.0,-0.002687594872992416,-0.0026912129401462067,0.06557266958275815,0.06892013026211595
2015-06-11 00:00:00-04:00,80.4103140675401,80.77916786675232,80.23632602567066,80.76525115966797,2562600,0.0,0.0,0.0,0.008866555748551441,0.00882747865938826,0.09007958806114197,0.07726821006617902
2015-06-12 00:00:00-04:00,80.56344258406715,80.96013519670952,80.5425648638799,80.6260757446289,2437900,0.0,0.0,0.0,-0.0017232090910473952,-0.0017246955237014126,0.08298951786316518,0.07598088977587018
2015-06-15 00:00:00-04:00,80.86970461571563,80.90450437588551,80.50781153455941,80.6122055053711,1827600,0.0,0.0,0.0,-0.00017203167994617186,-0.00017204647909293012,0.08285649663701773,0.07041860927200157
2015-06-16 00:00:00-04:00,80.70261757097899,80.81397247314453,80.49383509395955,80.81397247314453,2274100,0.0,0.0,0.0,0.0025029332283930117,0.0024998061079157113,0.07356038814974593,0.06700670871020112
2015-06-17 00:00:00-04:00,80.75830564604384,80.86965525316377,80.3616130468575,80.80702209472656,3824200,0.0,0.0,0.0,-8.600466237784765e-05,-8.600836099088984e-05,0.06653062092072222,0.06461074559407337
2015-06-18 00:00:00-04:00,80.62612705659178,80.73052103366116,80.40342238336962,80.66092681884766,1853100,0.0,0.0,0.0,-0.001807952726034734,-0.0018095890451203225,0.027733762019207773,0.06455366530954988
2015-06-19 00:00:00-04:00,80.89058561371017,81.16200674514361,80.77226961794095,81.0924072265625,5114500,0.0,0.0,0.0,0.005349311305136384,0.005335054559331163,0.04454018916082519,0.06520505373036084
2015-06-22 00:00:00-04:00,80.79309489184982,80.90444980152024,80.41032433666997,80.45207977294922,2547700,0.0,0.0,0.0,-0.007896268904982517,-0.007927609527972088,0.0792755678149441,0.07037551227247943
2015-06-23 00:00:00-04:00,80.09718341714849,80.47995947691393,80.09718341714849,80.27117156982422,1238700,0.0,0.0,0.0,-0.00224864545000647,-0.0022511774496114367,0.075445110710141,0.0677464045597075
2015-06-24 00:00:00-04:00,80.34077841708897,80.53564431633359,80.24334546746667,80.49388885498047,2540000,0.0,0.0,0.0,0.002774561287703703,0.002770719297451667,0.08096669917783232,0.06876921032373508
2015-06-25 00:00:00-04:00,80.36860194231565,80.47995158807089,80.21549153341773,80.36164093017578,2567500,0.0,0.0,0.0,-0.0016429560887901706,-0.0016443072212486787,0.08084127982225718,0.06869374529574081
2015-06-26 00:00:00-04:00,80.04844712307839,80.12500231607285,79.8466255884883,79.9927749633789,2285000,0.0,0.0,0.0,-0.004590075097114732,-0.004600641838971025,0.06242908352887859,0.06958823150047845
2015-06-29 00:00:00-04:00,80.18761139351352,80.79308639466073,80.13889495307991,80.6886978149414,5945700,0.0,0.0,0.0,0.008699821351129566,0.008662195970606405,0.08340476271604534,0.07602199225167858
2015-06-30 00:00:00-04:00,80.50082189527099,80.85575914593933,80.45210543417502,80.5356216430664,2668600,0.0,0.0,0.0,-0.0018971203653090907,-0.0018989221773461663,0.08268297477317625,0.07430469864203576
2015-07-01 00:00:00-04:00,80.28438570640755,80.46585238476219,80.27740478515625,80.27740478515625,4088700,0.33,0.0,0.0,-0.0032062440525333358,-0.0032113950662136987,0.08397890266137567,0.07167318766459925
2015-07-02 00:00:00-04:00,80.47283505579293,80.72409497747569,80.45887321298676,80.58450317382812,1971000,0.0,0.0,0.0,0.0038254648302813443,0.0038181663471694603,0.08826606725678898,0.07046964726483869
2015-07-06 00:00:00-04:00,80.87761448429308,81.01022532802241,80.67521042145194,80.90553283691406,4845100,0.0,0.0,0.0,0.003983764252953881,0.003975850075989468,0.07697605264531385,0.0696866893201987
2015-07-07 00:00:00-04:00,81.41501759762471,81.56158492667899,81.14282036868386,81.24053192138672,3627500,0.0,0.0,0.0,0.004140620211326329,0.004132071433495966,0.05732076304528415,0.07101747250604681
2015-07-08 00:00:00-04:00,81.31733230573604,81.45691876185272,81.1219091372199,81.35222625732422,3490600,0.0,0.0,0.0,0.0013748597319080957,0.0013739154776459058,0.049785546968171564,0.06869325478898251
2015-07-09 00:00:00-04:00,81.07306781260121,81.10098084890005,80.76597116448467,80.81482696533203,1427800,0.0,0.0,0.0,-0.00660583387469138,-0.006627748960207186,0.07281015625983103,0.0725397328648442
2015-07-10 00:00:00-04:00,80.36807198671124,80.51463925822142,80.13076879125796,80.29827880859375,2740000,0.0,0.0,0.0,-0.006391749832736382,-0.006412264528957389,0.08583588168276512,0.06929576980510867
2015-07-13 00:00:00-04:00,79.97029205492431,80.31926347566507,79.97029205492431,80.12384033203125,3146100,0.0,0.0,0.0,-0.002172381265833967,-0.0021747443089233267,0.07513352176969879,0.06943796885932266
2015-07-14 00:00:00-04:00,80.17272710942426,80.26345779693236,80.02615969504195,80.19366455078125,4364200,0.0,0.0,0.0,0.0008714537203988737,0.0008710742250645521,0.06068562161230074,0.0695628101913733
2015-07-15 00:00:00-04:00,80.16573233462276,80.52168475083276,80.10291469652337,80.40303039550781,1923800,0.0,0.0,0.0,0.0026107529304135735,0.0026073508350488955,0.06615379560449489,0.06962045532669048
2015-07-16 00:00:00-04:00,80.284392249771,80.58450798944419,80.20761808439765,80.52867126464844,2036600,0.0,0.0,0.0,0.0015626384792040149,0.0015614188301107561,0.057846156135243854,0.0699159504796822
2015-07-17 00:00:00-04:00,80.53564737377219,80.69617661674617,80.53564737377219,80.58450317382812,2268200,0.0,0.0,0.0,0.0006933171540381977,0.0006930769207323242,0.028257372739943692,0.06969898307697836
2015-07-20 00:00:00-04:00,80.43793963896584,80.57752612443815,80.3681463962297,80.39606475830078,2805800,0.0,0.0,0.0,-0.002338395201380905,-0.002341133517115634,0.02932962901437083,0.06711151162206674
2015-07-21 00:00:00-04:00,80.27042570460178,80.59845976569878,80.2634447836535,80.56356048583984,2490900,0.0,0.0,0.0,0.0020833821660626306,0.0020812149350293314,0.03104022941410735,0.06148481866440378
2015-07-22 00:00:00-04:00,80.54958677243039,80.78688478518681,80.50072566110616,80.6682357788086,1292900,0.0,0.0,0.0,0.001299288317665015,0.0012984449730183301,0.027770121021353646,0.06099323578045088
2015-07-23 00:00:00-04:00,80.6333355549611,80.97532605602586,80.54260490260388,80.90553283691406,2007600,0.0,0.0,0.0,0.002941641847184151,0.002937323685057228,0.031997690556420016,0.061087632378395
2015-07-24 00:00:00-04:00,81.03819428753823,81.03819428753823,80.73109754181233,80.87068939208984,2704700,0.0,0.0,0.0,-0.00043066825719395574,-0.00043076102140252243,0.03349436190251641,0.060736760017021815
2015-07-27 00:00:00-04:00,80.91250852266886,81.08699422160286,80.8287534702234,80.87760925292969,4836700,0.0,0.0,0.0,8.55669822015237e-05,8.556332155612093e-05,0.02205998634625077,0.05792311896520175
2015-07-28 00:00:00-04:00,80.70315352060494,80.83576440499762,80.61242284042639,80.81482696533203,2755100,0.0,0.0,0.0,-0.0007762629011611732,-0.0007765643492190912,0.024062383819777117,0.04939201204846792
2015-07-29 00:00:00-04:00,80.77292872908525,80.82876011042123,80.6263560440443,80.74501037597656,1569200,0.0,0.0,0.0,-0.0008639081710267726,-0.0008642815547524126,0.025114914494369832,0.04897713766224508
2015-07-30 00:00:00-04:00,80.80083700645712,80.90552949323872,80.68218800638245,80.78688049316406,2157600,0.0,0.0,0.0,0.0005185474246958144,0.0005184130254395701,0.009325355671360185,0.047365645984616386
2015-07-31 00:00:00-04:00,81.0381379212553,81.247522888591,81.03115700237586,81.20564270019531,3626900,0.0,0.0,0.0,0.0051835422345176685,0.005170153925449447,0.03972904218437556,0.04891835419573874
2015-08-03 00:00:00-04:00,81.09367637101752,81.45763666158112,81.07267938079647,81.39464569091797,2942800,0.33,0.0,0.0,0.0023274612999546473,0.0023247569572590384,0.04026868921305004,0.047640441794982155
2015-08-04 00:00:00-04:00,81.18463102645612,81.22663032929448,80.93965734333977,80.98165130615234,3823200,0.0,0.0,0.0,-0.005073974845150153,-0.00508689116542846,0.06053769161530945,0.04901116037275025
2015-08-05 00:00:00-04:00,80.8486926929319,80.8486926929319,80.55471884572187,80.66670989990234,2991600,0.0,0.0,0.0,-0.0038890464836208727,-0.0038966284891287653,0.06793227932400718,0.050374607649127164
2015-08-06 00:00:00-04:00,80.7577129143867,80.90469719398308,80.7227197087847,80.82070922851562,1750800,0.0,0.0,0.0,0.001909081562944337,0.0019072615826963774,0.06953999372687637,0.04531621263433023
2015-08-07 00:00:00-04:00,80.93967643597962,81.14965697962582,80.876685476902,81.10066223144531,2907200,0.0,0.0,0.0,0.003463877087964473,0.0034578916835452988,0.0623017221376195,0.04005568480333755
2015-08-10 00:00:00-04:00,80.89768063286004,80.96767236581611,80.73669484103684,80.77869415283203,1317600,0.0,0.0,0.0,-0.0039699808824550376,-0.0039778821754797725,0.06191202394779894,0.042102448741029044
2015-08-11 00:00:00-04:00,81.11468505859375,81.33866188663083,81.06569029433655,81.11468505859375,5011600,0.0,0.0,0.0,0.0041594000656415275,0.004150773673326801,0.06313439115770508,0.04414793355560688
2015-08-12 00:00:00-04:00,81.11464996474146,81.37362522950167,80.9466687513971,80.98866271972656,5062200,0.0,0.0,0.0,-0.0015536316115405402,-0.0015548397486281865,0.054935979321455504,0.04407548970744343
2015-08-13 00:00:00-04:00,80.77870680073966,80.95368883054107,80.64571874928168,80.70870971679688,1647500,0.0,0.0,0.0,-0.00345669373377,-0.003462681903048425,0.06099509752615692,0.04583495087602008
2015-08-14 00:00:00-04:00,80.68770081260057,80.86268281656267,80.61070830365509,80.78569030761719,1693600,0.0,0.0,0.0,0.0009538077252186916,0.000953353139665526,0.053447088748450985,0.045887791981609215
2015-08-17 00:00:00-04:00,81.05166325068244,81.26163844333651,80.90467367378979,81.04466247558594,3313900,0.0,0.0,0.0,0.0032056688131603117,0.0032005416113755603,0.0506119736687201,0.04615363912461608
2015-08-18 00:00:00-04:00,80.85568081522112,80.9396740982591,80.68769958917208,80.7366943359375,2200900,0.0,0.0,0.0,-0.00379998053223074,-0.0038072188009252612,0.047399678794535625,0.048005132577807384
2015-08-19 00:00:00-04:00,80.56173949098907,81.18467519843061,80.49174773487752,81.1286849975586,2600100,0.0,0.0,0.0,0.004855173534725754,0.004843425191184838,0.061752274083715405,0.05075264664975267
2015-08-20 00:00:00-04:00,81.15667100864572,81.26866208158886,81.05868148983458,81.17767333984375,1760100,0.0,0.0,0.0,0.0006038350342623122,0.0006036527992442463,0.05192216494194158,0.049801856613144846
2015-08-21 00:00:00-04:00,81.19864654541016,81.39462552562408,81.06565852025355,81.19864654541016,2971100,0.0,0.0,0.0,0.0002583617477998068,0.0002583283781509472,0.05233239022697735,0.04975118999106128
2015-08-24 00:00:00-04:00,81.54160268720341,81.60459363679637,80.93266347434016,80.97466278076172,3966000,0.0,0.0,0.0,-0.002758466725466646,-0.0027622783058297786,0.05378131583099191,0.05085529134317206
2015-08-25 00:00:00-04:00,80.7366808857323,80.88366510154196,80.40071848960335,80.56169891357422,2625300,0.0,0.0,0.0,-0.005099914627685442,-0.0051129635768814245,0.059769977991603405,0.05402102575342447
2015-08-26 00:00:00-04:00,80.40777364776757,80.65275286277172,80.2677901020766,80.51276397705078,3299400,0.0,0.0,0.0,-0.0006074218540988996,-0.0006076064094924219,0.037946076581059175,0.05398381309368929
2015-08-27 00:00:00-04:00,80.3587441231523,80.76470370614852,80.28175160430725,80.5897216796875,2957800,0.0,0.0,0.0,0.0009558447485251698,0.0009553882198240753,0.03924768472792206,0.05407664414955091
2015-08-28 00:00:00-04:00,80.98866884502452,81.02366738129707,80.68069881391219,80.7366943359375,1901200,0.0,0.0,0.0,0.0018237146522748215,0.0018220537037991395,0.04473128856238919,0.050932740195171675
2015-08-31 00:00:00-04:00,81.04467176389579,81.06566875156494,80.53372192382812,80.53372192382812,1250200,0.0,0.0,0.0,-0.002514004490508648,-0.002517169906156843,0.04420365395479243,0.050537337372498305
2015-09-01 00:00:00-04:00,80.7688732816572,81.07072136871396,80.61443862935565,81.0215835571289,3856800,0.335,0.0,0.0,0.006057855289020697,0.006039580251552491,0.05088012580834087,0.05265587651734635
2015-09-02 00:00:00-04:00,80.70570855556407,81.04967327998222,80.70570855556407,80.90225982666016,1824500,0.0,0.0,0.0,-0.0014727400432085203,-0.0014738255907764458,0.05307914560619674,0.050941347804074624
2015-09-03 00:00:00-04:00,81.12685899208898,81.38659041657553,81.02156217915561,81.28831481933594,11303000,0.0,0.0,0.0,0.004771869086264591,0.004760519809497467,0.05953530081158484,0.053214807989578956
2015-09-04 00:00:00-04:00,81.40768081358672,81.56913134888813,81.27430444089559,81.47085571289062,1648600,0.0,0.0,0.0,0.002245598201419119,0.0022430806140666375,0.059650873061245384,0.052422056807455666
2015-09-08 00:00:00-04:00,81.26027399814846,81.30239060112511,81.0777597925481,81.091796875,1892300,0.0,0.0,0.0,-0.00465269248216138,-0.004663549946546912,0.07039917957927548,0.053198294484257135
2015-09-09 00:00:00-04:00,80.88825085911367,81.31644893104388,80.86718719650061,81.2673110961914,2079100,0.0,0.0,0.0,0.002164389345841622,0.0021620504294971583,0.05856714177853856,0.0516779469826515
2015-09-10 00:00:00-04:00,81.12688562992042,81.1830446626737,80.97947218565817,81.10582733154297,2566500,0.0,0.0,0.0,-0.0019870691237378058,-0.0019890459647696757,0.05982055523548529,0.051884282817374824
2015-09-11 00:00:00-04:00,81.1339077879855,81.35151734790064,81.12688656990497,81.1619873046875,2333300,0.0,0.0,0.0,0.0006924283370535189,0.0006921887191583085,0.04717831507999671,0.05019890084498206
2015-09-14 00:00:00-04:00,81.27428691295914,81.30236642513418,81.06369860507527,81.15495300292969,1732500,0.0,0.0,0.0,-8.66699053512221e-05,-8.667366140449498e-05,0.04182922183153847,0.05015083291479014
2015-09-15 00:00:00-04:00,80.96547088364213,81.06375191870147,80.47409248645968,80.5442886352539,3090400,0.0,0.0,0.0,-0.007524671570615538,-0.007553124735414889,0.059741143558377195,0.0558541207737422
2015-09-16 00:00:00-04:00,80.59336715412987,80.76184421397569,80.55827178337616,80.69164276123047,2918300,0.0,0.0,0.0,0.001829479513362653,0.0018278080540076824,0.058535680023869115,0.054743911420959246
2015-09-17 00:00:00-04:00,80.67762223796281,81.38661528233739,80.64954272222698,81.35853576660156,4106700,0.0,0.0,0.0,0.008264709733874831,0.008230744036476093,0.08935796911246094,0.05987066526262901
2015-09-18 00:00:00-04:00,81.4849217060062,81.69551012018465,81.4287626533098,81.60425567626953,4692400,0.0,0.0,0.0,0.003020210569827375,0.003015658896256517,0.09096576358753009,0.06072289536534664
2015-09-21 00:00:00-04:00,81.38660708189441,81.49891977790118,81.1549551171299,81.19005584716797,3209900,0.0,0.0,0.0,-0.0050757135846533075,-0.005088638773771704,0.10136864684357445,0.06361824210568685
2015-09-22 00:00:00-04:00,81.46383643897637,81.67442478345875,81.38661910598009,81.54105377197266,4001000,0.0,0.0,0.0,0.004323163977931088,0.004313845950462006,0.07722570424562422,0.06450231463176312
2015-09-23 00:00:00-04:00,81.51299939098232,81.58319552745607,81.37962298274684,81.49193572998047,2435200,0.0,0.0,0.0,-0.0006023719307031161,-0.000602553429564772,0.08036703444788833,0.06135521026799729
2015-09-24 00:00:00-04:00,81.75161704390622,81.79373362876183,81.48486974712297,81.50592803955078,2378100,0.0,0.0,0.0,0.0001717017695674894,0.0001716870305057776,0.057942885222513875,0.061217178134019175
2015-09-25 00:00:00-04:00,81.2462038435731,81.39361725932338,81.18302896065973,81.26024627685547,2858800,0.0,0.0,0.0,-0.0030142809069800824,-0.003018833001502381,0.056352845925336896,0.0625363938361564
2015-09-28 00:00:00-04:00,81.31644196562267,81.5410781692747,81.21816630433585,81.40068054199219,3099400,0.0,0.0,0.0,0.0017282037843973086,0.0017267121585454607,0.043326048848464215,0.06250890763657234
2015-09-29 00:00:00-04:00,81.365535852953,81.53400754799407,81.30235562005096,81.50592803955078,2267100,0.0,0.0,0.0,0.0012929559907586263,0.001292120842956999,0.029805129950056464,0.06159538384156849
2015-09-30 00:00:00-04:00,81.344522236699,81.52001525569435,81.30942684627308,81.49193572998047,4404200,0.0,0.0,0.0,-0.00017167229313086452,-0.000171687030505669,0.029489068185643775,0.058157354664125235
2015-10-01 00:00:00-04:00,81.4806460301465,81.60736575903927,81.36096777815699,81.4736099243164,6459600,0.334,0.0,0.0,-0.00022487876254140282,-0.00022490405156170402,0.029479163975142574,0.05782176049871205
2015-10-02 00:00:00-04:00,81.91009700459415,82.00865621161672,81.67777657186637,81.83265686035156,3480100,0.0,0.0,0.0,0.004406910855781154,0.004397228858845573,0.02998441484015592,0.05746569283918325
2015-10-05 00:00:00-04:00,81.60735366574177,81.71295431934911,81.5228774397138,81.61439514160156,7567200,0.0,0.0,0.0,-0.002667171360725362,-0.002670734599514972,0.04116412624348392,0.05794890692393081
2015-10-06 00:00:00-04:00,81.61442252664402,81.81858242650306,81.41730410500749,81.7763442993164,3241200,0.0,0.0,0.0,0.001984320994278699,0.0019823548299456603,0.04225257121467216,0.05547398021794078
2015-10-07 00:00:00-04:00,81.83265911409657,82.08609861658428,81.60738015311573,82.06497955322266,5884900,0.0,0.0,0.0,0.0035295690505532384,0.0035233547399779117,0.04566505533743729,0.056247584126567995
2015-10-08 00:00:00-04:00,82.06495746833386,82.06495746833386,81.64960167780265,81.74111938476562,2175000,0.0,0.0,0.0,-0.003946386999913787,-0.003954194532890918,0.05956455803745067,0.05780255006383607
2015-10-09 00:00:00-04:00,81.72705932283311,81.86082055368969,81.65666065383066,81.7763442993164,3798800,0.0,0.0,0.0,0.00043093261770699165,0.00043083979291301994,0.04968202499679064,0.05779224526990721
2015-10-12 00:00:00-04:00,81.88897840329265,82.15649548513666,81.88897840329265,82.10721588134766,860400,0.0,0.0,0.0,0.004046054942492994,0.004037891674140686,0.050958436256835736,0.059191304254509816
2015-10-13 00:00:00-04:00,82.09314099456881,82.11426005816192,81.83266001108068,82.04386138916016,2147200,0.0,0.0,0.0,-0.0007716068741029369,-0.0007719047159080635,0.052060484094130305,0.05123081971833548
2015-10-14 00:00:00-04:00,82.25508697923773,82.37477066776661,82.06500996746426,82.36772918701172,1976500,0.0,0.0,0.0,0.003947495795149747,0.003939724877353725,0.05357541822486472,0.052266479341455924
2015-10-15 00:00:00-04:00,82.26209797483446,82.3324966430664,82.09314009686295,82.3324966430664,4233500,0.0,0.0,0.0,-0.00042774693794600527,-0.00042783844776375966,0.03763031229389935,0.04490530601169143
2015-10-16 00:00:00-04:00,82.3113771336785,82.38881727963624,82.2480199439353,82.36065673828125,3055300,0.0,0.0,0.0,0.00034202892373014215,0.0003419704451716671,0.037786220964965686,0.04398695872795645
2015-10-19 00:00:00-04:00,82.32546189455113,82.36065854371087,82.11426051529588,82.35362243652344,2510700,0.0,0.0,0.0,-8.540851950911144e-05,-8.54121670244012e-05,0.030410795447641494,0.0389252295014365
2015-10-20 00:00:00-04:00,82.11424885482971,82.26208765088516,82.05089167269455,82.19873046875,4190100,0.0,0.0,0.0,-0.0018808154783090947,-0.0018825864326480943,0.03433154655112264,0.037500415511972314
2015-10-21 00:00:00-04:00,82.40290113638724,82.62818009861516,82.40290113638724,82.6070556640625,2497700,0.0,0.0,0.0,0.004967536517704874,0.004955239016886165,0.04110623541861333,0.04060090611227327
2015-10-22 00:00:00-04:00,82.58589407108217,82.91677355138289,82.52253691327378,82.78301239013672,2396900,0.0,0.0,0.0,0.0021300447602172756,0.002127779431141544,0.041154232012673014,0.04086809344958075
2015-10-23 00:00:00-04:00,82.61410254749427,82.65634604828935,82.4803466796875,82.4803466796875,3682800,0.0,0.0,0.0,-0.003656133084682045,-0.003662833074937853,0.05365156430964942,0.04171339062953159
2015-10-26 00:00:00-04:00,82.62815856933594,82.67039668528761,82.45919536338381,82.62815856933594,3771900,0.0,0.0,0.0,0.0017920861829359147,0.0017904823123893198,0.05446235369936619,0.04173389738105916
2015-10-27 00:00:00-04:00,82.83233281157938,82.85345187322582,82.62817293054107,82.6492919921875,2809600,0.0,0.0,0.0,0.0002557653857653275,0.0002557326833750238,0.05009364724880476,0.04171794567760182
2015-10-28 00:00:00-04:00,82.57186802328984,82.62114763380718,82.24098833649852,82.32546997070312,4693300,0.0,0.0,0.0,-0.003918025353622956,-0.003925720922491484,0.04643489742228843,0.04476448092020158
2015-10-29 00:00:00-04:00,82.09311079749524,82.10718837768765,81.66367209215247,81.74815368652344,2942100,0.0,0.0,0.0,-0.007012608423433653,-0.007037312322141526,0.05597144044332933,0.05212667999991304
2015-10-30 00:00:00-04:00,81.79744947062783,81.97344879877974,81.72000933655512,81.95936584472656,2664100,0.0,0.0,0.0,0.0025836933151182073,0.002580361317550805,0.06474792960211469,0.050540336269325345
2015-11-02 00:00:00-05:00,81.75535191864425,81.81182820479127,81.58590690103689,81.60708618164062,6241700,0.331,0.0,0.0,-0.004298223387347089,-0.004307487304611518,0.060989815880296054,0.05202690363141264
2015-11-03 00:00:00-05:00,81.61412048339844,81.69178141060415,81.4941010091303,81.61412048339844,2672700,0.0,0.0,0.0,8.619719300062556e-05,8.619347823605162e-05,0.06052107785601185,0.05150063636522891
2015-11-04 00:00:00-05:00,81.63531970393363,81.74828303888444,81.50823864530811,81.5223617553711,4176400,0.0,0.0,0.0,-0.001124299661429462,-0.001124932160417183,0.05967546435113126,0.04977799457153221
2015-11-05 00:00:00-05:00,81.58588424524558,81.69884755894807,81.3529068369119,81.54352569580078,3743100,0.0,0.0,0.0,0.00025960901983190787,0.00025957532724145963,0.03988107870332399,0.04792630897745073
2015-11-06 00:00:00-05:00,81.070496849666,81.10579384232096,80.93635427297149,81.0140151977539,4306200,0.0,0.0,0.0,-0.006493593372724926,-0.0065147684682539805,0.04709537368544348,0.052919790300306434
2015-11-09 00:00:00-05:00,80.86580323125048,81.05642218739496,80.78814226005346,80.87992095947266,3253200,0.0,0.0,0.0,-0.0016551980290562263,-0.0016565693827641356,0.04369530667407957,0.05028075911402071
2015-11-10 00:00:00-05:00,80.9787539571805,81.23291613351647,80.88697526598844,81.08465576171875,2228800,0.0,0.0,0.0,0.002531342758713695,0.002528144307080509,0.0527943461793483,0.051609517767309675
2015-11-11 00:00:00-05:00,81.04934023613058,81.11993962756509,80.99992012348758,81.07757568359375,910900,0.0,0.0,0.0,-8.731711392850894e-05,-8.732092628962586e-05,0.05351569860878111,0.04882410899072565
2015-11-12 00:00:00-05:00,81.01402927986095,81.33172920091314,81.00696772554777,81.04933166503906,3102000,0.0,0.0,0.0,-0.00034835795614940324,-0.00034841864687735075,0.05271857366991579,0.04883261644716339
2015-11-13 00:00:00-05:00,81.25409579621876,81.3247005905,81.1764402180106,81.28939819335938,2618900,0.0,0.0,0.0,0.0029619803567593195,0.002957602335886443,0.03148434474230123,0.050488925716233306
2015-11-16 00:00:00-05:00,81.33878668208143,81.40232989494251,81.2046440887872,81.3034896850586,2558400,0.0,0.0,0.0,0.00017334968658144767,0.0001733346632606956,0.024932813558844878,0.05053560847290947
2015-11-17 00:00:00-05:00,81.15523128718333,81.54353599409131,81.0916934549918,81.38821411132812,3857700,0.0,0.0,0.0,0.0010420761347111895,0.0010415335502860605,0.021324740570409808,0.05064611095733163
2015-11-18 00:00:00-05:00,81.33173236923984,81.47999808365357,81.23995370514426,81.40939331054688,1713300,0.0,0.0,0.0,0.0002602244004246135,0.0002601905479280284,0.020597044431329054,0.046504802182159806
2015-11-19 00:00:00-05:00,81.52240160630366,81.73419988328824,81.5012223172443,81.64948272705078,2890500,0.0,0.0,0.0,0.002949161107097975,0.00294482086277277,0.022084444684085935,0.04725679120157579
2015-11-20 00:00:00-05:00,81.63529968261719,81.72708371635146,81.52940331505758,81.63529968261719,2344900,0.0,0.0,0.0,-0.0001737064823914558,-0.0001737215711098323,0.019917662556252498,0.045951485404805655
2015-11-23 00:00:00-05:00,81.5717498085972,81.72001008765989,81.52232971557632,81.66352844238281,1948100,0.0,0.0,0.0,0.0003457910961970345,0.0003457313242346079,0.019583288225048602,0.045271907985027685
2015-11-24 00:00:00-05:00,81.64232949164601,81.76941046969273,81.59997096109207,81.6917495727539,1659500,0.0,0.0,0.0,0.0003455781412997627,0.0003455184429271297,0.019853069628807812,0.04529509707616
2015-11-25 00:00:00-05:00,81.72002722327652,81.83299053751757,81.67060711989288,81.76944732666016,609600,0.0,0.0,0.0,0.0009511089468960954,0.000950656929370899,0.019389824496296032,0.04380700638817578
2015-11-27 00:00:00-05:00,81.83299372888874,81.89653155583675,81.79769134521484,81.79769134521484,409200,0.0,0.0,0.0,0.0003454104127897928,0.00034535077234638587,0.006324128340401175,0.036026536820175405
2015-11-30 00:00:00-05:00,81.79065149296781,81.86125089266045,81.75535448631595,81.83301544189453,4925000,0.0,0.0,0.0,0.0004318471108262223,0.0004317538916992993,0.004187832855429616,0.03479432680995528
2015-12-01 00:00:00-05:00,81.8747600546604,82.46241312558055,81.81811762335542,82.44824981689453,5961700,0.329,0.0,0.0,0.0075181682072664735,0.0074900476361751045,0.049853891503864475,0.04057277892862277
2015-12-02 00:00:00-05:00,82.27829831727766,82.3632619336614,82.16501889715028,82.2499771118164,6138300,0.0,0.0,0.0,-0.002404813995669497,-0.002407710205007919,0.05841008056555712,0.041865657384443415
2015-12-03 00:00:00-05:00,81.83230010299143,81.9101821138514,81.11012243896643,81.15968322753906,4515400,0.0,0.0,0.0,-0.01325585638516491,-0.013344499481028923,0.11971319574115032,0.06399140872949334
2015-12-04 00:00:00-05:00,81.27299253728317,81.61991816153447,81.27299253728317,81.59867858886719,3120500,0.0,0.0,0.0,0.005409032463783214,0.005394456186433156,0.12955201889522397,0.06703626053794988
2015-12-07 00:00:00-05:00,81.57736368286729,82.00925260067854,81.55612412981385,81.74020385742188,3094600,0.0,0.0,0.0,0.0017344063776787433,0.0017329040318052793,0.13044409801071769,0.06261280283282215
2015-12-08 00:00:00-05:00,81.84645715365156,81.85353880957922,81.57741364732884,81.6340560913086,3754100,0.0,0.0,0.0,-0.0012985992339636931,-0.0012994431446291992,0.11117339301441077,0.062466123800913285
2015-12-09 00:00:00-05:00,81.5420231214889,81.71902673444778,81.3721011655304,81.61282348632812,3394600,0.0,0.0,0.0,-0.00026009494072820605,-0.0002601287712835336,0.11167813441061919,0.06202963954942647
2015-12-10 00:00:00-05:00,81.62697856608506,81.75442137062834,81.4216537475586,81.4216537475586,4722600,0.0,0.0,0.0,-0.002342398297267012,-0.002345146003812569,0.04854334880509755,0.06274419025034127
2015-12-11 00:00:00-05:00,81.61993593095723,81.71198130151784,81.28716814879665,81.56329345703125,7949600,0.0,0.0,0.0,0.00173958281309039,0.001738071491367606,0.028879684567983756,0.0629311354302272
2015-12-14 00:00:00-05:00,81.31544822027686,81.42165145469238,80.84107989517123,80.96144104003906,6442800,0.0,0.0,0.0,-0.007378961680958307,-0.00740632089016118,0.05413180665143819,0.06770514599531906
2015-12-15 00:00:00-05:00,80.76315825918384,81.15964437797459,80.67111838209833,80.9684829711914,3822600,0.0,0.0,0.0,8.697882673391888e-05,8.697504429509534e-05,0.055976951698330765,0.06769963404131792
2015-12-16 00:00:00-05:00,80.93313664974684,81.15970107615067,80.50124736789547,80.95437622070312,2540900,0.0,0.0,0.0,-0.00017422520430943056,-0.00017424038328340438,0.05611259347772428,0.06754168270777762
2015-12-17 00:00:00-05:00,81.18093407210625,81.23757111905996,80.95436427740653,81.0464096069336,2327500,0.0,0.0,0.0,0.0011368549858201682,0.0011362092555455608,0.05864571793802683,0.0677024789609711
2015-12-18 00:00:00-05:00,81.08180708606452,81.25173443208931,81.01808838259613,81.0464096069336,2566200,0.0,0.0,0.0,0.0,0.0,0.05485744637325634,0.0666760967078577
2015-12-21 00:00:00-05:00,81.2516867447843,81.35080827092955,81.039280387777,81.1030044555664,3026000,0.0,0.0,0.0,0.00069830173732921,0.0006980580381148219,0.008719954728987138,0.06678055739989823
2015-12-22 00:00:00-05:00,81.01806573376022,81.13134519772126,80.91894417714941,80.996826171875,2204900,0.0,0.0,0.0,-0.0013091781790842694,-0.001310035901525963,0.014848437170489646,0.06682055520375148
2015-12-23 00:00:00-05:00,80.91186296282638,81.08178486055228,80.86230218425133,81.067626953125,1923200,0.0,0.0,0.0,0.0008741179697555612,0.0008737361511298508,0.015606426114785568,0.06692517056842638
2015-12-24 00:00:00-05:00,81.18264190978229,81.33174896240234,81.0832408193377,81.33174896240234,920100,0.322,0.0,0.0,0.003258045402390497,0.0032527494722713246,0.02644502261921533,0.06802338244720423
2015-12-28 00:00:00-05:00,81.19685812318026,81.33885815592615,81.09035539014383,81.23236083984375,2422500,0.0,0.0,0.0,-0.0012220089181229632,-0.0012227561798566521,0.02971596444774145,0.06806601596331506
2015-12-29 00:00:00-05:00,81.14000447024445,81.21100444157692,80.80629864633627,80.81340026855469,2965700,0.0,0.0,0.0,-0.005157557492574627,-0.005170903600877126,0.04934951531719524,0.0700891662003197
2015-12-30 00:00:00-05:00,80.77789757441317,80.97670507787487,80.74950191944066,80.81340026855469,1890600,0.0,0.0,0.0,0.0,0.0,0.04922536372091375,0.06326299403199546
2015-12-31 00:00:00-05:00,81.06196321310881,81.13296323728834,80.94126263030816,80.9483642578125,1228200,0.0,0.0,0.0,0.001670069429194898,0.0016686764139848189,0.050870525187832645,0.06370913960224754
2016-01-04 00:00:00-05:00,81.04776718723883,81.23237158779693,80.86316278668073,80.90576171875,8333700,0.0,0.0,0.0,-0.0005262927725977473,-0.0005264313132497533,0.04022012802514556,0.04348690912236194
2016-01-05 00:00:00-05:00,81.00516102698334,81.10456756118022,80.87736423363297,80.9483642578125,4474300,0.0,0.0,0.0,0.0005265699025318593,0.0005264313132498953,0.041632136338953935,0.0383549669981531
2016-01-06 00:00:00-05:00,81.28204840498607,81.31754569902343,81.1542462291546,81.2678451538086,4522400,0.0,0.0,0.0,0.003946724543791635,0.003938956658241085,0.028185331672573234,0.04071690117782676
2016-01-07 00:00:00-05:00,81.34594679662878,81.42404842725713,81.11874353033355,81.33174896240234,4820000,0.0,0.0,0.0,0.0007863357084565425,0.0007860267085078646,0.026725839051469094,0.04070219388350004
2016-01-08 00:00:00-05:00,81.3104418876866,81.59444731711682,81.25364513536294,81.39564514160156,4363500,0.0,0.0,0.0,0.0007856240645796042,0.0007853156235294169,0.026651493377894377,0.040844713966854025
2016-01-11 00:00:00-05:00,81.28912253032196,81.37432576338071,81.10452365078888,81.13291931152344,4161500,0.0,0.0,0.0,-0.0032277627337564674,-0.003232983196526133,0.04041008694939269,0.041594770626815346
2016-01-12 00:00:00-05:00,81.15423595120319,81.58734296906069,81.15423595120319,81.31753540039062,2616600,0.0,0.0,0.0,0.002275476963405243,0.002272891986327595,0.042178131388359595,0.04196367968292867
2016-01-13 00:00:00-05:00,81.45245636362573,81.65125856123615,81.32465417702564,81.56605529785156,5649800,0.0,0.0,0.0,0.0030561661299408627,0.003051505547495677,0.03845234430036373,0.03363468752703599
2016-01-14 00:00:00-05:00,81.58025569466598,81.59445352958964,81.12584913976102,81.16134643554688,4735300,0.0,0.0,0.0,-0.004961731455895846,-0.004974081714797862,0.05573826490498933,0.038612522884773265
2016-01-15 00:00:00-05:00,81.18268000835755,81.2891827743731,80.92708095365822,81.04067993164062,5977900,0.0,0.0,0.0,-0.0014867484240429496,-0.0014878547311506763,0.05498546053768348,0.039024849464872634
2016-01-19 00:00:00-05:00,80.96965018331731,81.0264523599441,80.66434525514047,80.67854309082031,3374300,0.0,0.0,0.0,-0.004468580978414516,-0.004478594929631607,0.058904898064255466,0.04193030774073919
2016-01-20 00:00:00-05:00,80.82762814844043,80.89863356312388,80.59332869762385,80.79923248291016,6175300,0.0,0.0,0.0,0.001495929245449945,0.0014948114579114396,0.05627776925362509,0.042370278676664375
2016-01-21 00:00:00-05:00,80.8063654800132,80.93416770089506,80.48686263628606,80.5649642944336,3928300,0.0,0.0,0.0,-0.0028993863094691763,-0.002903597672169707,0.04130624181914584,0.04332937725682264
2016-01-22 00:00:00-05:00,80.53653002685375,80.77083490478859,80.47972785942358,80.61463165283203,2932000,0.0,0.0,0.0,0.000616488306466767,0.0006162983556150717,0.03897444101323482,0.043290882634414975
2016-01-25 00:00:00-05:00,80.36616518785846,80.73536860876517,80.36616518785846,80.52946472167969,2485200,0.0,0.0,0.0,-0.0010564698914599102,-0.0010570283491394882,0.038997958265887867,0.04317834640393819
2016-01-26 00:00:00-05:00,80.59334571507,80.78504629111653,80.54364516446876,80.75664520263672,4002200,0.0,0.0,0.0,0.002821085198345674,0.0028171134055879,0.03541456024964501,0.042722275763538965
2016-01-27 00:00:00-05:00,80.6075906303627,80.73539289468893,80.38038720677791,80.53659057617188,2535900,0.0,0.0,0.0,-0.002724910450560114,-0.002728629777132949,0.03821655951905611,0.04345531679004748
2016-01-28 00:00:00-05:00,80.42295660027973,80.76376431888774,80.42295660027973,80.62886047363281,4187100,0.0,0.0,0.0,0.0011456891432928273,0.0011450333423345298,0.03373458579066589,0.03997403746137238
2016-01-29 00:00:00-05:00,81.09747583324275,81.09747583324275,80.87027247796081,81.04777526855469,2022700,0.0,0.0,0.0,0.005195593643033902,0.00518214311525082,0.04957803396844711,0.04419714887395768
2016-02-01 00:00:00-05:00,80.81774605144405,80.88895630291265,80.54714492266577,80.78926086425781,8696800,0.337,0.0,0.0,-0.003189654539440201,-0.003194752330495207,0.05710119550708514,0.045330055088519984
2016-02-02 00:00:00-05:00,80.92457457332813,80.9957848339731,80.73230632628723,80.9388198852539,5881200,0.0,0.0,0.0,0.0018512240289880744,0.0018495126255872085,0.05515966428658152,0.045812708387081146
2016-02-03 00:00:00-05:00,80.83907528039593,81.1381669061379,80.63968448522908,80.7393798828125,3732100,0.0,0.0,0.0,-0.0024640833993397893,-0.0024671242491379926,0.054235530217537985,0.04660107029126558
2016-02-04 00:00:00-05:00,80.81772657986745,80.95302982815467,80.70379129156713,80.7750015258789,3367500,0.0,0.0,0.0,0.0004411929236773915,0.00044109562669621447,0.053943300836862454,0.04413455768658467
2016-02-05 00:00:00-05:00,80.66817925681175,80.82484502393427,80.55424397444504,80.76075744628906,4334400,0.0,0.0,0.0,-0.00017634267187582875,-0.00017635822207292664,0.03310450454289873,0.04395206866213416
2016-02-08 00:00:00-05:00,80.93166965927536,81.23787856543143,80.82485158819901,81.180908203125,3265200,0.0,0.0,0.0,0.005202412286875457,0.005188926492295036,0.04495354906739117,0.048067324144570184
2016-02-09 00:00:00-05:00,80.93881371568762,81.23790004739541,80.8889605607421,80.90320587158203,3346900,0.0,0.0,0.0,-0.0034207837494022453,-0.0034266480075242356,0.05326212697807351,0.048237016163953254
2016-02-10 00:00:00-05:00,80.99576125724323,81.13106451618005,80.91031114254044,81.00288391113281,3738300,0.0,0.0,0.0,0.00123206538575249,0.0012313070160385748,0.0491602635975707,0.047683801715982424
2016-02-11 00:00:00-05:00,81.18091813043799,81.52985213449732,81.10970788534331,81.27349090576172,5333600,0.0,0.0,0.0,0.0033407081521417137,0.003335140383410432,0.05255552120666681,0.04795063315260128
2016-02-12 00:00:00-05:00,80.94592201249718,81.05986275467586,80.58986534267922,80.81774139404297,4180600,0.0,0.0,0.0,-0.005607603495796698,-0.005623385130030515,0.07221542306251416,0.04885205319343841
2016-02-16 00:00:00-05:00,80.84623171803752,80.84623171803752,80.3833569312559,80.4332046508789,4972200,0.0,0.0,0.0,-0.004758073370167315,-0.004769429036312514,0.06223847282260422,0.05130654656048991
2016-02-17 00:00:00-05:00,80.39758721288358,80.56849287207345,80.23379877445663,80.41182708740234,5008100,0.0,0.0,0.0,-0.00026578032753199476,-0.00026581565338266235,0.06122082985410704,0.048970641061125336
2016-02-18 00:00:00-05:00,80.60410155307716,81.09545600752448,80.5257686599202,81.06697082519531,3810700,0.0,0.0,0.0,0.008147355451591398,0.008114344928930444,0.09103587205410003,0.05699050265956705
2016-02-19 00:00:00-05:00,81.03847968516125,81.15953761829965,80.87469126803876,81.00999450683594,3587300,0.0,0.0,0.0,-0.000702830237511054,-0.0007030773384692344,0.08658419309880899,0.0559444239888196
2016-02-22 00:00:00-05:00,81.08832462017233,81.20938254917714,81.02423161288081,81.17377471923828,4556800,0.0,0.0,0.0,0.0020217284718926365,0.0020196875292438953,0.07518371850802459,0.05627745402480606
2016-02-23 00:00:00-05:00,81.00290651072831,81.39457108903295,80.86048599116002,81.33760070800781,2832100,0.0,0.0,0.0,0.0020182132632882155,0.002016179406944316,0.05608712955573756,0.05631539595128709
2016-02-24 00:00:00-05:00,81.53695912077985,81.76483512109029,81.37317069884155,81.41590118408203,3402200,0.0,0.0,0.0,0.0009626602628138858,0.0009621972025790489,0.05322960718388666,0.055684668526398765
2016-02-25 00:00:00-05:00,81.59395741270316,81.97137665808332,81.59395741270316,81.8716812133789,4531800,0.0,0.0,0.0,0.005598169677767828,0.0055825581627372434,0.0366550866169208,0.057279703169991536
2016-02-26 00:00:00-05:00,81.82894554868868,81.86454795547546,81.58682419076823,81.84318542480469,5422500,0.0,0.0,0.0,-0.00034805427410178336,-0.0003481148590489513,0.03507178582301443,0.05741527609748546
2016-02-29 00:00:00-05:00,81.78626670666942,81.94293260785595,81.73641895929163,81.90020751953125,5231900,0.0,0.0,0.0,0.000696723794786136,0.0006964811954396436,0.03637753383794658,0.05496791506646614
2016-03-01 00:00:00-05:00,82.21082458977556,82.21082458977556,81.36093247394618,81.45378112792969,8301800,0.335,0.0,0.0,-0.005450857880855753,-0.005465768013366601,0.06257814205222935,0.05752341978712548
2016-03-02 00:00:00-05:00,81.3823491941326,81.63232128451645,81.28950599838645,81.61803436279297,3519600,0.0,0.0,0.0,0.0020165206892643894,0.0020144902405889124,0.06372668082063863,0.05758108687376195
2016-03-03 00:00:00-05:00,81.62521653111116,82.06087521958084,81.61807306686192,82.00373840332031,3614600,0.0,0.0,0.0,0.004725720774074071,0.004714589610395472,0.059491958065214574,0.05844717838781028
2016-03-04 00:00:00-05:00,81.9465703388927,82.0037071333656,81.73945354557691,81.98942565917969,2040600,0.0,0.0,0.0,-0.00017453770302799931,-0.00017455293650545835,0.05938038103109647,0.058535827650219724
2016-03-07 00:00:00-05:00,81.7680436452719,82.10371559081175,81.7680436452719,82.08229064941406,3616900,0.0,0.0,0.0,0.001132645941690047,0.0011320049822165432,0.0596150396942975,0.058444570804154904
2016-03-08 00:00:00-05:00,82.68217526438043,82.74645550980969,82.45363357293012,82.51791381835938,3279800,0.0,0.0,0.0,0.0053071517071316965,0.005293118406849197,0.03726199076467204,0.058549864468890635
2016-03-09 00:00:00-05:00,82.27507867577185,82.51790726864958,82.26079720506766,82.42506408691406,3205800,0.0,0.0,0.0,-0.0011252069659649644,-0.0011258404865955643,0.04601625187711211,0.05688614093933134
2016-03-10 00:00:00-05:00,82.7821702219762,82.91071981954734,82.41793001559958,82.76788330078125,4459000,0.0,0.0,0.0,0.004159162236206493,0.004150536828993937,0.04401337920014668,0.058024091281514485
2016-03-11 00:00:00-05:00,83.06073024907441,83.11786160445905,82.82504501819152,83.00359344482422,4603500,0.0,0.0,0.0,0.0028478455004870007,0.0028437980709714243,0.04028446384566977,0.05779585705160041
2016-03-14 00:00:00-04:00,83.15357096710672,83.27498258583574,82.99644748457955,83.24641418457031,2997400,0.0,0.0,0.0,0.0029254244264438345,0.0029211536995049974,0.038522908557465214,0.052426881972674595
2016-03-15 00:00:00-04:00,83.4392458398474,83.4392458398474,83.12499888869422,83.21784210205078,6599400,0.0,0.0,0.0,-0.00034322298202760226,-0.0003432818965162215,0.03639297023249011,0.047569315937053
2016-03-16 00:00:00-04:00,83.09643406461008,83.64636625279356,83.03215924848924,83.6177978515625,3975400,0.0,0.0,0.0,0.004806129784298507,0.0047946172150786295,0.031488489206529136,0.04818184479972001
2016-03-17 00:00:00-04:00,83.61776785969312,84.05342628669119,83.61776785969312,83.8748779296875,3341900,0.0,0.0,0.0,0.0030744660195591855,0.0030697495135919655,0.02959512053460181,0.042582611882909835
2016-03-18 00:00:00-04:00,84.17485626264784,84.21056812140068,83.91774613644827,84.0677261352539,3315200,0.0,0.0,0.0,0.0022992367956478077,0.0022965975953833156,0.029634481532520743,0.04165213084080959
2016-03-21 00:00:00-04:00,83.9249235487539,84.16060338572431,83.86064326676791,83.9677734375,2948600,0.0,0.0,0.0,-0.0011889544578985722,-0.0011896618249904766,0.0392173776447532,0.04302092080995575
2016-03-22 00:00:00-04:00,84.131998261281,84.131998261281,83.76061458205206,83.81060791015625,3762900,0.0,0.0,0.0,-0.001871736273449387,-0.0018734901606726562,0.045331579877243164,0.0448141772280984
2016-03-23 00:00:00-04:00,83.98203011745404,84.23200225830078,83.78205676386884,84.23200225830078,5338700,0.0,0.0,0.0,0.005027935707091702,0.0050153378481916444,0.04638920921791415,0.04645786475346544
2016-03-24 00:00:00-04:00,84.46054267490501,84.46054267490501,84.13201424937898,84.1962890625,2601500,0.0,0.0,0.0,-0.0004239860723156408,-0.0004240759798243187,0.045395573722435786,0.04464850390166414
2016-03-28 00:00:00-04:00,84.23198012469001,84.41052849331187,84.1748433390037,84.24626159667969,3274500,0.0,0.0,0.0,0.0005935241889649667,0.0005933481231462937,0.04334061441033998,0.04428186780779304
2016-03-29 00:00:00-04:00,84.47479877978849,84.7033404614663,84.35338720333604,84.6247787475586,3758500,0.0,0.0,0.0,0.004492984539670397,0.004482921216278815,0.04846016684152581,0.04545814866018684
2016-03-30 00:00:00-04:00,84.624797458303,84.624797458303,84.41054264934351,84.52481079101562,3877600,0.0,0.0,0.0,-0.001181308335720166,-0.0011820066304005757,0.04553621691029853,0.03863780520927519
2016-03-31 00:00:00-04:00,84.54625714566889,84.88907255526225,84.4819823213573,84.86050415039062,7853500,0.0,0.0,0.0,0.00397153635995684,0.0039636706285750166,0.04107391798965504,0.03936261130438939
2016-04-01 00:00:00-04:00,84.97649240130494,85.19851098405665,84.64704353317515,85.1340560913086,6809800,0.332,0.0,0.0,0.0032235483828044753,0.003218363889372114,0.03844103910033528,0.03830603251195443
2016-04-04 00:00:00-04:00,85.15559283010518,85.16991432693511,84.9837075474729,85.14126586914062,4138700,0.0,0.0,0.0,8.468735266520255e-05,8.468376689379673e-05,0.039938019694837394,0.038132499422321324
2016-04-05 00:00:00-04:00,85.0051830854607,85.42057201701765,84.91207424193418,85.41341400146484,6944700,0.0,0.0,0.0,0.003196430421207319,0.0031913326976123787,0.03594198789084036,0.03829177450007132
2016-04-06 00:00:00-04:00,85.27732123785762,85.3561031091044,85.16273290231067,85.34178161621094,4793600,0.0,0.0,0.0,-0.0008386549828424128,-0.0008390068506767663,0.03415379459659931,0.03744342118709774
2016-04-07 00:00:00-04:00,85.54229729585624,85.61391567351488,85.40621855341243,85.5709457397461,3591900,0.0,0.0,0.0,0.0026852512239048387,0.002681652377934537,0.030308259574901134,0.03606601401176547
2016-04-08 00:00:00-04:00,85.49934581663393,85.50650929564338,85.32746056934141,85.37759399414062,2060900,0.0,0.0,0.0,-0.0022595490085329795,-0.002262105641344762,0.036887778861026954,0.03783260857373028
2016-04-11 00:00:00-04:00,85.29166336116225,85.47071211837097,85.21288693499409,85.37044525146484,1998600,0.0,0.0,0.0,-8.373089872115713e-05,-8.373440434854504e-05,0.03704745037542386,0.037935994025461224
2016-04-12 00:00:00-04:00,85.14121541127598,85.25580917454137,84.94784526592987,85.0337905883789,3553400,0.0,0.0,0.0,-0.003943456802811496,-0.003951252730608371,0.03939499170871446,0.04192154966978204
2016-04-13 00:00:00-04:00,85.0624595528691,85.3417805701322,85.01232613215686,85.32745361328125,2502200,0.0,0.0,0.0,0.003453486230243108,0.003447536640620883,0.050071545150613156,0.04239236936283902
2016-04-14 00:00:00-04:00,85.3561022092055,85.39191413726124,85.16273200445045,85.27015686035156,1864000,0.0,0.0,0.0,-0.0006714925912282288,-0.0006717181433549728,0.043895417453746526,0.04073467996316495
2016-04-15 00:00:00-04:00,85.44202056639328,85.67120262680403,85.32742680412224,85.62822723388672,3789500,0.0,0.0,0.0,0.004199246098744336,0.004190453870072672,0.052544210368894256,0.041685559274894785
2016-04-18 00:00:00-04:00,85.47067908900551,85.72135162353516,85.47067908900551,85.72135162353516,2827400,0.0,0.0,0.0,0.0010875431228312138,0.0010869521762236767,0.05225406947670444,0.04142046404810226
2016-04-19 00:00:00-04:00,85.74999860765445,85.88607189261792,85.63540482649337,85.87891387939453,2577100,0.0,0.0,0.0,0.0018380747955462073,0.0018363876032099669,0.030682636008354715,0.04070794405541163
2016-04-20 00:00:00-04:00,85.98637155969804,86.22271722551068,85.62111603704324,85.6426010131836,3040900,0.0,0.0,0.0,-0.0027516983568609543,-0.002755491238292784,0.04160605716945966,0.0416765802352906
2016-04-21 00:00:00-04:00,85.6998822081759,85.72136718037588,85.46353658570936,85.60677337646484,3579500,0.0,0.0,0.0,-0.00041833896092480227,-0.00041842648907972557,0.04110061324296238,0.0392561550496719
2016-04-22 00:00:00-04:00,85.87891593779169,85.87891593779169,85.62108538813169,85.69986724853516,1651800,0.0,0.0,0.0,0.0010874591857459315,0.0010868683303209105,0.028999281189991184,0.038990348167493555
2016-04-25 00:00:00-04:00,85.71418157869756,85.72134505562643,85.44202956085148,85.49932098388672,2923600,0.0,0.0,0.0,-0.0023401000618453738,-0.002342842375021913,0.03219040510302473,0.040640151445471444
2016-04-26 00:00:00-04:00,85.58526038465241,85.58526038465241,85.31310838566306,85.46350860595703,3286600,0.0,0.0,0.0,-0.0004188615478762925,-0.00041894929487785586,0.02496494209528334,0.038299243775951224
2016-04-27 00:00:00-04:00,85.64976076242284,86.00785827636719,85.52800891907403,86.00785827636719,3091100,0.0,0.0,0.0,0.006369381263294116,0.006349182478260106,0.05259903476697817,0.043002821575468045
2016-04-28 00:00:00-04:00,85.8717841763134,86.13677283723979,85.81448726319739,86.08663940429688,3503200,0.0,0.0,0.0,0.0009159759295080949,0.0009155566795520888,0.05140193915494472,0.04142198223600736
2016-04-29 00:00:00-04:00,86.00070739272921,86.24421109962181,85.83598011843401,86.17975616455078,2924600,0.0,0.0,0.0,0.0010816633207924031,0.0010810787445277898,0.05140220646402316,0.04039042030628381
2016-05-02 00:00:00-04:00,86.14023276577248,86.21205060032025,86.01096833409066,86.06842041015625,6771200,0.325,0.0,0.0,-0.0012919014783697724,-0.0012927367025137146,0.04733247921162627,0.04092162141109584
2016-05-03 00:00:00-04:00,86.20487799998708,86.34850272834508,86.10433959435004,86.21923828125,3732700,0.0,0.0,0.0,0.001752302068227074,0.001750768578121824,0.04471212630270711,0.03999100893793007
2016-05-04 00:00:00-04:00,86.17616097474968,86.18334385559874,85.97508414243784,86.07562255859375,4228200,0.0,0.0,0.0,-0.0016657039138732177,-0.0016670927411017989,0.024332039594631573,0.04045574156029305
2016-05-05 00:00:00-04:00,86.14741692712032,86.26949848137797,85.90325381860501,86.24795532226562,4466000,0.0,0.0,0.0,0.002002108826509641,0.002000107277733443,0.027480382261337578,0.040021274515883346
2016-05-06 00:00:00-04:00,86.21203129735663,86.21203129735663,85.95350249187784,86.06121826171875,3045000,0.0,0.0,0.0,-0.0021651186958476787,-0.0021674659540049167,0.03158574731013971,0.039939455543705864
2016-05-09 00:00:00-04:00,86.14021972490204,86.14021972490204,85.89605665698468,85.97505187988281,6202800,0.0,0.0,0.0,-0.0010012219624163654,-0.001001723519933593,0.031058401958536284,0.04021920393609045
2016-05-10 00:00:00-04:00,86.03967238786605,86.15457651063775,85.93913401990588,86.11866760253906,5469900,0.0,0.0,0.0,0.001670434847272917,0.0016690412227402338,0.030735377663183037,0.03707331565262258
2016-05-11 00:00:00-04:00,86.06123832081228,86.34849322484526,85.99660884384394,86.21205139160156,3416600,0.0,0.0,0.0,0.0010843617494582514,0.0010837742539231757,0.02879247793436044,0.035610819701704786
2016-05-12 00:00:00-04:00,86.24796119360762,86.24796119360762,85.93916310780222,86.03252410888672,2681900,0.0,0.0,0.0,-0.0020823919604856522,-0.0020845631533308578,0.028340320868271176,0.03657510231055292
2016-05-13 00:00:00-04:00,86.11150097703138,86.21921675694294,86.01813999586693,86.19049072265625,4328100,0.0,0.0,0.0,0.0018361266905246865,0.0018344430704909484,0.027748575722745812,0.034248111417628464
2016-05-16 00:00:00-04:00,86.19044748308708,86.19044748308708,85.88883249278568,85.9031982421875,2968400,0.0,0.0,0.0,-0.003333227111946724,-0.0033387946888782287,0.037773564786028335,0.0364730706120346
2016-05-17 00:00:00-04:00,85.89607013645005,86.03251744812839,85.82425778043623,85.87452697753906,3386000,0.0,0.0,0.0,-0.00033376248189975755,-0.00033381819299344625,0.0341438772662131,0.03591759077795845
2016-05-18 00:00:00-04:00,85.78115273378886,85.78115273378886,85.0558409274711,85.14201354980469,7022100,0.0,0.0,0.0,-0.008530043233029638,-0.008566632271107037,0.0618515430801412,0.04617937028578457
2016-05-19 00:00:00-04:00,85.18507843713112,85.40051540385748,85.18507843713112,85.34306335449219,5759900,0.0,0.0,0.0,0.002361346605573189,0.0023585630078421928,0.0710515762231861,0.04712065820988227
2016-05-20 00:00:00-04:00,85.40771083106004,85.45079713495137,85.23536013656494,85.40052795410156,2977700,0.0,0.0,0.0,0.0006733365003630531,0.0006731099110498908,0.06791945213927117,0.04699918065744146
2016-05-23 00:00:00-04:00,85.40052795410156,85.44361973692268,85.24972041155212,85.40052795410156,2842000,0.0,0.0,0.0,0.0,0.0,0.06739969113133057,0.04629537359031278
2016-05-24 00:00:00-04:00,85.4508366852065,85.4508366852065,85.14203858022434,85.25694274902344,3498100,0.0,0.0,0.0,-0.0016813151922818736,-0.0016827301889290977,0.06702956407208334,0.0466430056776337
2016-05-25 00:00:00-04:00,85.26410540454049,85.42927325934573,85.24255676880279,85.40773010253906,4793800,0.0,0.0,0.0,0.0017686225737592043,0.0017670604025113372,0.025143463452089156,0.040628594294535365
2016-05-26 00:00:00-04:00,85.4292584698963,85.78114275432657,85.4292584698963,85.6518783569336,4858600,0.0,0.0,0.0,0.002858620105011811,0.002854542020507092,0.027449731505706138,0.04199180803960651
2016-05-27 00:00:00-04:00,85.65910790792263,85.75246892736729,85.47957422921591,85.58729553222656,2762800,0.0,0.0,0.0,-0.0007540152760912022,-0.0007542996885860558,0.029415208956773645,0.041724536486686045
2016-05-31 00:00:00-04:00,85.45799564257344,85.81706285115568,85.39336617491541,85.73806762695312,3170400,0.0,0.0,0.0,0.0017616177002555133,0.0017600678716646239,0.030403217541594942,0.04220715247415447
2016-06-01 00:00:00-04:00,85.89939680473653,86.0002172544926,85.7265625329122,85.79857635498047,5528700,0.334,0.0,0.0,0.0007057393489506847,0.0007054904320431085,0.021633984771757854,0.04172953314024569
2016-06-02 00:00:00-04:00,85.89935309689845,86.12980050684071,85.86334895133538,85.97136688232422,2709400,0.0,0.0,0.0,0.002013909026052474,0.002011883829854632,0.022057432095739436,0.04210598178526055
2016-06-03 00:00:00-04:00,86.45387376052987,86.66271209716797,86.3674539184625,86.66271209716797,2998800,0.0,0.0,0.0,0.008041575235043563,0.008009414071474673,0.0533579571555491,0.050620339566594064
2016-06-06 00:00:00-04:00,86.6411380116922,86.6411380116922,86.43229410964254,86.45390319824219,6401500,0.0,0.0,0.0,-0.002409443391197641,-0.002412350770975566,0.06027788140346984,0.050781780579755166
2016-06-07 00:00:00-04:00,86.64836029680825,86.74197772433754,86.54753983814503,86.58354949951172,3663400,0.0,0.0,0.0,0.0014996003242588873,0.001498477046530836,0.06037799143282165,0.05075182755786037
2016-06-08 00:00:00-04:00,86.69156760098589,86.87880795057632,86.65556343387811,86.8716049194336,2478800,0.0,0.0,0.0,0.0033269070347305973,0.003321385123389406,0.05978412109366759,0.051652775692529844
2016-06-09 00:00:00-04:00,87.073220127171,87.11642730993749,86.94359308457054,86.99400329589844,2885400,0.0,0.0,0.0,0.0014089572372739667,0.0014079655883770432,0.06024300059529538,0.05171925856712669
2016-06-10 00:00:00-04:00,87.0659886165297,87.2460258115621,87.05158256411957,87.09479522705078,4209200,0.0,0.0,0.0,0.0011586078043737125,0.0011579371363290368,0.03318565420884975,0.05088173301911558
2016-06-13 00:00:00-04:00,87.2460523723581,87.2460523723581,86.90758146356674,86.96519470214844,3979900,0.0,0.0,0.0,-0.001488039837104882,-0.0014891480679141197,0.027360696970914037,0.05119402287745716
2016-06-14 00:00:00-04:00,87.08045452772568,87.15246836092453,86.74198346795745,86.77079010009766,6301100,0.0,0.0,0.0,-0.00223542996386783,-0.0022379322672743686,0.036081435048434723,0.050257060439609494
2016-06-15 00:00:00-04:00,87.0659886165297,87.2028131486309,86.8859514214973,87.09479522705078,5589500,0.0,0.0,0.0,0.0037340345360385996,0.003727080335188427,0.03819180732849568,0.051415036600660526
2016-06-16 00:00:00-04:00,87.080400827047,87.32525430209097,87.03719365263332,87.22443389892578,4550700,0.0,0.0,0.0,0.0014884778308168478,0.0014873711457384572,0.038312969998705336,0.03811038112525786
2016-06-17 00:00:00-04:00,87.19564216217434,87.19564216217434,86.91478449196467,86.96519470214844,2673200,0.0,0.0,0.0,-0.002972093772230733,-0.002976519213652654,0.044737784723256666,0.04059755193065772
2016-06-20 00:00:00-04:00,86.90762611743263,86.92202668732676,86.76359844127663,86.85721588134766,4549700,0.0,0.0,0.0,-0.001241632599922382,-0.0012424040643286658,0.04435624774490271,0.04132996049025311
2016-06-21 00:00:00-04:00,86.9292229450046,86.97243014562352,86.71318144760679,86.77799224853516,4396400,0.0,0.0,0.0,-0.0009121134267154885,-0.0009125296552847774,0.04151999826760798,0.0417036624561267
2016-06-22 00:00:00-04:00,86.79959413038252,86.94362728676606,86.77799053050077,86.9364242553711,4090400,0.0,0.0,0.0,0.001825716437206637,0.0018240518426958503,0.031847422749590175,0.040779839384826114
2016-06-23 00:00:00-04:00,86.88599286923608,86.92199702883833,86.77796940182573,86.84998321533203,3942700,0.0,0.0,0.0,-0.0009943017645301921,-0.000994796410441717,0.02731200068824758,0.0412469096864952
2016-06-24 00:00:00-04:00,87.05162362523444,87.49811805746809,87.05162362523444,87.26046752929688,5294900,0.0,0.0,0.0,0.004726360314280198,0.0047152261423258875,0.0410260663612039,0.0429561610738589
2016-06-27 00:00:00-04:00,87.56295317438244,87.85101400121957,87.56295317438244,87.62776947021484,7323900,0.0,0.0,0.0,0.004209259373892937,0.0042004252231329685,0.04313095955086341,0.0439699045609818
2016-06-28 00:00:00-04:00,87.73573923386732,88.13902084787006,87.72853620667443,88.11021423339844,5555700,0.0,0.0,0.0,0.005505615013372989,0.005490514514702046,0.04202943146223929,0.04655641040913527
2016-06-29 00:00:00-04:00,88.23265152648867,88.35508103002596,88.01661012683017,88.0814208984375,5325800,0.0,0.0,0.0,-0.0003267877080024295,-0.0003268411147409076,0.048303865287655366,0.04689471750761038
2016-06-30 00:00:00-04:00,88.17505659142039,88.46311183280778,88.0742361580745,88.39109802246094,5398300,0.0,0.0,0.0,0.0035158052727204403,0.003509639277428736,0.03608672382881477,0.0474896067572831
2016-07-01 00:00:00-04:00,88.81061335127865,88.94059089240996,88.64453430431792,88.85394287109375,4396300,0.331,0.0,0.0,0.005236328759206099,0.005222666861142298,0.0373160313253501,0.043124028410997696
2016-07-05 00:00:00-04:00,89.15001168607527,89.23666522843298,88.96226509887912,89.15723419189453,4415000,0.0,0.0,0.0,0.003413369300232283,0.0034075569778887834,0.036961143219879936,0.04148766175748608
2016-07-06 00:00:00-04:00,89.27999405233608,89.35942509315151,89.10669246744695,89.31610107421875,6770300,0.0,0.0,0.0,0.0017818731566110468,0.0017802875039797286,0.03330705733694805,0.0414957597809197
2016-07-07 00:00:00-04:00,89.27278973373707,89.43887435541265,89.15003464897988,89.33055877685547,2597100,0.0,0.0,0.0,0.00016187117958388342,0.00016185807985811979,0.030554011160894106,0.041226328215627106
2016-07-08 00:00:00-04:00,89.57602570011214,89.84319773808681,89.43882567467249,89.8287582397461,3835300,0.0,0.0,0.0,0.005577032873320675,0.0055615388060734185,0.0364405064985503,0.0438123412072916
2016-07-11 00:00:00-04:00,89.7421496362549,89.88657223772341,89.58328752921899,89.59773254394531,3000200,0.0,0.0,0.0,-0.0025718455907426385,-0.0025751584669704048,0.04930334025183165,0.0462531690497666
2016-07-12 00:00:00-04:00,89.41719367712147,89.42441067413546,89.08503001226336,89.09224700927734,4363000,0.0,0.0,0.0,-0.005641722399839066,-0.005657697026931399,0.06765409053460078,0.051743041394101075
2016-07-13 00:00:00-04:00,89.46053530463743,89.58329038793374,89.34500272893476,89.43887329101562,3738500,0.0,0.0,0.0,0.003890644734801496,0.0038830957505173965,0.07287982734478002,0.05088876752336843
2016-07-14 00:00:00-04:00,88.9839413799807,89.30888255479809,88.96949636691957,89.22222900390625,7254900,0.0,0.0,0.0,-0.0024222609156139274,-0.0024251993356246043,0.07541571954917345,0.052016286856937606
2016-07-15 00:00:00-04:00,89.01282058963147,89.17890518526121,88.81785698613061,88.88284301757812,4442600,0.0,0.0,0.0,-0.003803827702099527,-0.0038110806531860635,0.05704929115814228,0.054953208157002144
2016-07-18 00:00:00-04:00,89.1139191538137,89.14279816168482,88.69510192062418,88.88284301757812,4737300,0.0,0.0,0.0,0.0,0.0,0.058636682928669824,0.05312354261463265
2016-07-19 00:00:00-04:00,89.11389340861419,89.11389340861419,88.83227082622805,89.04167938232422,7196300,0.0,0.0,0.0,0.0017870306501637234,0.001785435810626821,0.04931768945226837,0.05243898037072769
2016-07-20 00:00:00-04:00,88.95502336221872,89.0416713713203,88.77449933104882,89.01278686523438,3676800,0.0,0.0,0.0,-0.00032448306557408824,-0.0003245357215949765,0.034685850817183235,0.05215868049430335
2016-07-21 00:00:00-04:00,88.73123677414898,89.14283165544065,88.67347322754482,89.11395263671875,3570100,0.0,0.0,0.0,0.0011365307732420504,0.0011358854110791422,0.03438699365467111,0.0521199238206001
2016-07-22 00:00:00-04:00,88.94056896856586,89.258292992825,88.89002246553878,89.06332397460938,3748200,0.0,0.0,0.0,-0.0005681339522192186,-0.0005682954014658124,0.01604876464903364,0.05189879479373624
2016-07-25 00:00:00-04:00,89.19331089640428,89.19331089640428,88.96224035687304,89.01278686523438,3295600,0.0,0.0,0.0,-0.0005674289608751382,-0.0005675900096133185,0.0174020492606144,0.05060046996861656
2016-07-26 00:00:00-04:00,89.22224230991553,89.22224230991553,88.79620801676755,88.92618560791016,4929300,0.0,0.0,0.0,-0.0009729080548318558,-0.0009733816370663314,0.012926155428265316,0.04957363487514387
2016-07-27 00:00:00-04:00,89.09947972765444,89.35221238106168,88.9622796404511,89.29444885253906,5976800,0.0,0.0,0.0,0.004141223893855406,0.004132672626531544,0.03369723518115619,0.048047212997185285
2016-07-28 00:00:00-04:00,89.09946338217206,89.26554795774749,88.9983703393549,89.20777893066406,5276100,0.0,0.0,0.0,-0.0009706081731701843,-0.0009710795183020702,0.035011736481759946,0.048278534493482864
2016-07-29 00:00:00-04:00,89.17895000848223,89.5688829206308,89.17895000848223,89.53277587890625,4226100,0.0,0.0,0.0,0.003643145834790751,0.003636525652990469,0.04129741213476727,0.04838114899283391
2016-08-01 00:00:00-04:00,89.28151469872144,89.36839458040619,89.01363920618755,89.02812194824219,4827700,0.323,0.0,0.0,-0.005636527246140721,-0.005652472410971492,0.0635342183928274,0.05006446913591966
2016-08-02 00:00:00-04:00,88.6371705534782,88.81092479288345,88.40549639308864,88.52857208251953,4526700,0.0,0.0,0.0,-0.005611146846533299,-0.005626948468871541,0.07558659022351698,0.05234572488666446
2016-08-03 00:00:00-04:00,88.70954967611195,88.7964295399432,88.456156977704,88.64439392089844,6037600,0.0,0.0,0.0,0.0013082989554034086,0.0013074438780416792,0.06575010598550586,0.052116577516340204
2016-08-04 00:00:00-04:00,88.9412126509354,89.21632942350695,88.85433832153036,89.0208511352539,3413100,0.0,0.0,0.0,0.004246824843671337,0.004237832533233467,0.0775397302155739,0.054628465559312264
2016-08-05 00:00:00-04:00,88.9556716404252,89.02082737008486,88.62264057833886,88.6588363647461,3888300,0.0,0.0,0.0,-0.004066628951432838,-0.004074920172795155,0.0712108070746486,0.05183076618219389
2016-08-08 00:00:00-04:00,88.57200470937566,88.88331736423198,88.49237172654952,88.71680450439453,4161300,0.0,0.0,0.0,0.000653833752227051,0.0006536200960646097,0.06438016506897251,0.051508293516529205
2016-08-09 00:00:00-04:00,88.9629812173845,89.28153533363907,88.8688654664679,89.23809814453125,4259100,0.0,0.0,0.0,0.005875928952230103,0.005858733010245253,0.06064611937753228,0.05244312209750678
2016-08-10 00:00:00-04:00,89.48417556444105,89.57105539434339,89.25250154157919,89.49141693115234,6338800,0.0,0.0,0.0,0.002838684282701953,0.002834662827104476,0.0611476915710291,0.051556614251041535
2016-08-11 00:00:00-04:00,89.5566170398165,89.60005973806747,89.09326876448515,89.19462585449219,4227600,0.0,0.0,0.0,-0.003316419460521969,-0.003321930968563079,0.06629385104194487,0.05221519668170398
2016-08-12 00:00:00-04:00,89.60004425048828,89.81723561001255,89.54212434519667,89.60004425048828,6585200,0.0,0.0,0.0,0.004545323130313639,0.004535024344880461,0.05735180919891481,0.052579438777314524
2016-08-15 00:00:00-04:00,89.49871093387132,89.51318815226385,89.324951171875,89.324951171875,2980700,0.0,0.0,0.0,-0.003070233736093053,-0.003074956572976266,0.06838081346537783,0.05400487422402113
2016-08-16 00:00:00-04:00,89.42631617998393,89.43355755159443,89.12948622653076,89.16568756103516,4526300,0.0,0.0,0.0,-0.0017829689101469537,-0.0017845602910840403,0.057345549590883386,0.054147015999805335
2016-08-17 00:00:00-04:00,89.23084671391167,89.52768220215366,89.18016815781527,89.4118423461914,4566900,0.0,0.0,0.0,0.002760644726568673,0.0027568411455314015,0.05709081605540228,0.05494655900349747
2016-08-18 00:00:00-04:00,89.58557799218462,89.73037778205043,89.41182376789287,89.62902069091797,4237900,0.0,0.0,0.0,0.0024289662199965534,0.002426021049729579,0.05145156214350759,0.05541905705865794
2016-08-19 00:00:00-04:00,89.44077588669607,89.55661018488904,89.23806172219834,89.36113739013672,5272100,0.0,0.0,0.0,-0.002988800934298208,-0.0029932763193919695,0.046044449425723936,0.05657262233401625
2016-08-22 00:00:00-04:00,89.65796553957381,89.75208677381042,89.51317128873586,89.66520690917969,5221000,0.0,0.0,0.0,0.003402704217107866,0.0033969281183084186,0.04648007924763384,0.05762889602256628
2016-08-23 00:00:00-04:00,89.81006717403257,89.94038429697886,89.70146865098562,89.7666244506836,5398800,0.0,0.0,0.0,0.0011310690623469455,0.0011304298856582972,0.040659165697545276,0.05746160230493064
2016-08-24 00:00:00-04:00,89.8969030372956,89.95482296123201,89.70143019844518,89.70867156982422,3871200,0.0,0.0,0.0,-0.0006455949659911475,-0.0006458034521577797,0.04038786458451095,0.05590379364326784
2016-08-25 00:00:00-04:00,89.71587320516959,89.82447164025015,89.60003892501727,89.62175750732422,3679300,0.0,0.0,0.0,-0.0009688479494688318,-0.0009693175860055271,0.03818564792626604,0.05590328954224061
2016-08-26 00:00:00-04:00,89.81002911014464,90.09961768413406,89.28151946787277,89.33943939208984,3388100,0.0,0.0,0.0,-0.003150106883490933,-0.0031550789145447723,0.03898613519025554,0.0556141452501883
2016-08-29 00:00:00-04:00,89.62903811153068,89.9548280358428,89.56387681253929,89.84622955322266,2668000,0.0,0.0,0.0,0.005672636459118863,0.005656607645440265,0.05259299144115819,0.05517433573418199
2016-08-30 00:00:00-04:00,89.83170373568754,89.84618094788243,89.63622546801226,89.7303466796875,10626500,0.0,0.0,0.0,-0.0012897911699957243,-0.0012906236665349397,0.053299034611517915,0.05082519056021925
2016-08-31 00:00:00-04:00,89.78103268307024,89.80999263341656,89.60727298099226,89.69415283203125,5300000,0.0,0.0,0.0,-0.00040336239628557813,-0.0004034437687794185,0.05316361552641474,0.050907318559724794
2016-09-01 00:00:00-04:00,89.42558373773522,89.73770248164966,89.3384844384984,89.69415283203125,10146300,0.32,0.0,0.0,0.0,0.0,0.05252439474037013,0.0490639153580379
2016-09-02 00:00:00-04:00,89.70144974383109,89.70870432984319,89.35303579043342,89.53450012207031,4155700,0.0,0.0,0.0,-0.0017799678676927444,-0.0017815538928263681,0.047759439810953166,0.04693986688124033
2016-09-06 00:00:00-04:00,89.62157421293308,89.93369297766048,89.41107499599136,89.84658813476562,6387400,0.0,0.0,0.0,0.0034856732574573,0.0034796123785073947,0.032864865472299824,0.04812768792666171
2016-09-07 00:00:00-04:00,89.9699866965926,90.03531671626712,89.72319793701172,89.72319793701172,2983400,0.0,0.0,0.0,-0.001373343165450236,-0.0013742870654733534,0.03307651723730865,0.0443965594581282
2016-09-08 00:00:00-04:00,89.46189402053497,89.57077370094956,89.04089554311889,89.09170532226562,4632300,0.0,0.0,0.0,-0.0070382312408149295,-0.0070631164241743965,0.0603164655016881,0.050284177749448274
2016-09-09 00:00:00-04:00,88.63441892026678,88.83039791829313,88.37310989766453,88.42391967773438,8136000,0.0,0.0,0.0,-0.00749548616356277,-0.0075237184851009754,0.07213194934821845,0.05560498222845308
2016-09-12 00:00:00-04:00,88.3513305048268,88.59811927017473,88.22793612215285,88.4311752319336,5164100,0.0,0.0,0.0,8.205420236584438e-05,8.205083610392412e-05,0.07501015979295693,0.052479571172303535
2016-09-13 00:00:00-04:00,88.54730921192478,88.54730921192478,87.86500727951753,88.14083099365234,13637100,0.0,0.0,0.0,-0.0032832792001208366,-0.00328868098823357,0.053461057318106436,0.05261509557761341
2016-09-14 00:00:00-04:00,88.18437807214406,88.35132764282754,88.08275852054548,88.19889831542969,4444000,0.0,0.0,0.0,0.0006588016146742426,0.0006585847001543561,0.06077095107467439,0.05263889460506475
2016-09-15 00:00:00-04:00,88.1843886550133,88.33681800070394,87.97388940491165,88.25697326660156,3441100,0.0,0.0,0.0,0.0006584543830034928,0.00065823769702958,0.05626035884970386,0.05140521510883902
2016-09-16 00:00:00-04:00,88.37310387802998,88.42391365463885,88.19163959901965,88.35858917236328,6832400,0.0,0.0,0.0,0.0011513640452496254,0.0011507017339927768,0.028477528831517277,0.050585489644307514
2016-09-19 00:00:00-04:00,88.41662045631622,88.48921057104472,88.27145130255572,88.32952117919922,5997100,0.0,0.0,0.0,-0.00032897756105365605,-0.0003290316860424245,0.02841912512653571,0.04987142906707088
2016-09-20 00:00:00-04:00,88.54003603228747,88.70698003493678,88.41663613807152,88.44567108154297,5026100,0.0,0.0,0.0,0.0013149613039122876,0.001314097499460259,0.010176144324706695,0.04818457751818701
2016-09-21 00:00:00-04:00,88.46748563749718,88.91751915665132,88.27876672694853,88.89574432373047,4651400,0.0,0.0,0.0,0.005088697238472495,0.005075793575390182,0.03278222726967018,0.05205039664044531
2016-09-22 00:00:00-04:00,89.07721029342166,89.3602942023237,89.06269004597182,89.25867462158203,8544300,0.0,0.0,0.0,0.004082650981917402,0.0040743395764295115,0.03562805648555874,0.054501761306729936
2016-09-23 00:00:00-04:00,89.25139112691718,89.30946102580704,89.16428627858241,89.19332122802734,6284600,0.0,0.0,0.0,-0.0007321797442294553,-0.0007324479187276657,0.04137252509982331,0.054466581659864
2016-09-26 00:00:00-04:00,89.24412532078749,89.43284971123373,89.20783578968053,89.33123016357422,5027000,0.0,0.0,0.0,0.0015461800687330829,0.0015449859630404259,0.03695672823823976,0.05367704172473885
2016-09-27 00:00:00-04:00,89.5272384886385,89.5998286503508,89.33125945043001,89.54901885986328,4571800,0.0,0.0,0.0,0.0024379905648928,0.0024350234873883646,0.03599486960001468,0.05026330181732915
2016-09-28 00:00:00-04:00,89.63609061224297,89.65061085525826,89.46188646101024,89.6070556640625,8094600,0.0,0.0,0.0,0.0006481009500509671,0.0006478910233278141,0.028852540649243336,0.050156620013598566
2016-09-29 00:00:00-04:00,89.41832569925914,89.5997899494563,89.33848098614445,89.57075500488281,5409100,0.0,0.0,0.0,-0.0004051093846424436,-0.00040519146361726345,0.021017581580816794,0.05015677717244913
2016-09-30 00:00:00-04:00,89.60703545225515,89.60703545225515,89.16426228361274,89.41105651855469,5224600,0.0,0.0,0.0,-0.0017829311176333906,-0.001784522431067961,0.026208097967129824,0.05052449878137556
2016-10-03 00:00:00-04:00,89.45620783053995,89.47803972994947,89.15782928466797,89.15782928466797,5555900,0.322,0.0,0.0,-0.0028321691270269955,-0.002836187306578382,0.0327066962576116,0.051108499622443695
2016-10-04 00:00:00-04:00,89.09958150010883,89.20146736955955,88.74298095703125,88.74298095703125,6890100,0.0,0.0,0.0,-0.004652965768291328,-0.004663824510174504,0.032864324727993194,0.051475401537296475
2016-10-05 00:00:00-04:00,88.81576358069866,88.89581756406007,88.54649058644995,88.64837646484375,4168600,0.0,0.0,0.0,-0.0010660504207460342,-0.0010666190566614474,0.02642580963998693,0.051426715623992605
2016-10-06 00:00:00-04:00,88.64840627322494,88.88128915248483,88.5319676097779,88.65568542480469,5909300,0.0,0.0,0.0,8.244888685404739e-05,8.24454881313883e-05,0.028589587169413597,0.04546427920698661
2016-10-07 00:00:00-04:00,88.77940420291561,88.93223307355352,88.56107962444685,88.86673736572266,2545900,0.0,0.0,0.0,0.002380579879414313,0.002377750788162063,0.04279391951902015,0.037357217039667226
2016-10-10 00:00:00-04:00,88.86673736572266,88.87401651738138,88.61929618061899,88.86673736572266,2246100,0.0,0.0,0.0,0.0,0.0,0.04073615046418493,0.03736331544426133
2016-10-11 00:00:00-04:00,88.60475508440875,88.79397418586356,88.56109127344479,88.59020233154297,3416600,0.0,0.0,0.0,-0.00311179460816291,-0.0031166463086158363,0.031655186334615,0.03715269976640555
2016-10-12 00:00:00-04:00,88.6410930672617,88.73569978606297,88.48098511824162,88.70658874511719,2327800,0.0,0.0,0.0,0.001313761685955317,0.0013128994561652644,0.03272108259313549,0.037319038300434
2016-10-13 00:00:00-04:00,88.85943314548916,89.0268202722221,88.83032209943282,88.92493438720703,4204300,0.0,0.0,0.0,0.0024614365762303247,0.002458412203072748,0.03661638471422179,0.03809604426070078
2016-10-14 00:00:00-04:00,88.68479259965123,88.85945336336498,88.50285268467614,88.5101318359375,2208900,0.0,0.0,0.0,-0.0046646371361191985,-0.0046755505070939845,0.04763990539409843,0.04193423247478607
2016-10-17 00:00:00-04:00,88.64109846030162,88.83759105818629,88.64109846030162,88.80120086669922,2698800,0.0,0.0,0.0,0.0032885391166430633,0.003283143697344572,0.0560909780707508,0.04339654356007071
2016-10-18 00:00:00-04:00,88.72844918742189,89.0195541381836,88.72117558911755,89.0195541381836,2944100,0.0,0.0,0.0,0.0024588999850592153,0.0024558818370279192,0.05124548627200937,0.04394838885394447
2016-10-19 00:00:00-04:00,88.96132766423001,89.20148965322947,88.90311111883169,89.13599395751953,5010500,0.0,0.0,0.0,0.0013080251913550889,0.0013071704716532276,0.051243089367518035,0.040423115251141
2016-10-20 00:00:00-04:00,89.34705956716103,89.34705956716103,89.0923447722537,89.10690307617188,2646800,0.0,0.0,0.0,-0.00032636514225126145,-0.0003264184109446449,0.04993823571968593,0.03765133524463179
2016-10-21 00:00:00-04:00,89.16510288289444,89.20877223407855,89.00500043643622,89.15782928466797,3502500,0.0,0.0,0.0,0.0005715181062073693,0.0005713548519333953,0.022928847646729412,0.037637320509825406
2016-10-24 00:00:00-04:00,89.186963076458,89.186963076458,88.80124572986371,88.90313720703125,3816500,0.0,0.0,0.0,-0.0028566428734320137,-0.0028607308648289837,0.0318319198223002,0.03844769995414133
2016-10-25 00:00:00-04:00,88.8521839773425,88.99773925673907,88.7721355141321,88.83763122558594,6611600,0.0,0.0,0.0,-0.0007368241830743028,-0.0007370957714294578,0.02511841753755169,0.03714725155398734
2016-10-26 00:00:00-04:00,88.6992981504235,88.72840918761258,88.45914181024813,88.46641540527344,10256000,0.0,0.0,0.0,-0.004178587555648261,-0.004187342249309012,0.031012436506652866,0.03923983774657802
2016-10-27 00:00:00-04:00,88.29179633100287,88.29179633100287,87.86242082299009,88.06619262695312,11643100,0.0,0.0,0.0,-0.004524008082466668,-0.004534272375895182,0.03501778021607564,0.04157094358153918
2016-10-28 00:00:00-04:00,88.02256441600863,88.16084058434154,87.94251037669672,87.96434783935547,5629800,0.0,0.0,0.0,-0.0011564572574298548,-0.001157126470117652,0.027235187969482495,0.04144243119135138
2016-10-31 00:00:00-04:00,88.1753771698291,88.20448267480133,88.0152691306496,88.04438018798828,5377300,0.0,0.0,0.0,0.0009098271128999968,0.0009094134710883231,0.037120067260428186,0.04115080445905249
2016-11-01 00:00:00-04:00,87.8750732476522,88.05019431220907,87.69265384836429,87.9334487915039,9303000,0.318,0.0,0.0,-0.001259948633263397,-0.001260743035883733,0.036229407524603754,0.03841757215565908
2016-11-02 00:00:00-04:00,87.99912256509485,88.15235420196782,87.93345424943442,88.0647964477539,4798100,0.0,0.0,0.0,0.0014937166465680551,0.0014926021615364645,0.037510432217431916,0.038948689995684405
2016-11-03 00:00:00-04:00,87.93344050415595,88.00640714359467,87.82398776149901,87.88965606689453,6320500,0.0,0.0,0.0,-0.0019887672250884503,-0.001990747448530813,0.023993269421231665,0.03935149205799937
2016-11-04 00:00:00-04:00,88.02102442133483,88.21804053010769,88.02102442133483,88.1523666381836,4242900,0.0,0.0,0.0,0.002989095452701651,0.0029846369891947657,0.032355435198634264,0.03998233829036992
2016-11-07 00:00:00-05:00,88.05749277512594,88.12316108680601,87.9699294592209,88.09397888183594,4352400,0.0,0.0,0.0,-0.0006623504118421497,-0.000662569862783815,0.032804850153799504,0.03996347228424424
2016-11-08 00:00:00-05:00,88.06477804022755,88.13044634216183,87.80209369849553,87.8969497680664,3632400,0.0,0.0,0.0,-0.0022365786659928055,-0.0022390835436583065,0.035963102907136224,0.03930079642438856
2016-11-09 00:00:00-05:00,87.17460892214726,87.33513893119748,86.47411889201892,86.60546112060547,9216200,0.0,0.0,0.0,-0.01469321348316166,-0.0148022279104153,0.10624177930301876,0.0636365899563805
2016-11-10 00:00:00-05:00,86.47410072146268,86.89001676342487,86.40113406913574,86.532470703125,9063900,0.0,0.0,0.0,-0.0008427923197456,-0.0008431476688637449,0.10744993245799309,0.06218618887445937
2016-11-11 00:00:00-05:00,86.49599806985894,86.57626306485783,86.11656253586438,86.16034698486328,6011900,0.0,0.0,0.0,-0.004300394005140595,-0.004309667294856041,0.09295611046777923,0.06194206654295529
2016-11-14 00:00:00-05:00,85.60579532955256,86.10927476979775,85.5036408876187,85.71524810791016,7148700,0.0,0.0,0.0,-0.005165936449064157,-0.005179326031824133,0.08636363160088426,0.060828083358173676
2016-11-15 00:00:00-05:00,85.85386142858384,86.13843522183532,85.78818755560393,85.9779052734375,4840300,0.0,0.0,0.0,0.0030642991920954987,0.0030596137965218646,0.10497466039340378,0.0614200562372676
2016-11-16 00:00:00-05:00,85.87575333822376,86.14573047103724,85.84656556794702,86.1019515991211,5417800,0.0,0.0,0.0,0.0014427698056738159,0.0014417300133182575,0.05647696998568886,0.06151023867122909
2016-11-17 00:00:00-05:00,85.89035380306517,85.94143101486809,85.45984667029752,85.55470275878906,6106200,0.0,0.0,0.0,-0.006355823882830736,-0.00637610812584082,0.06708837677574794,0.0633894044134479
2016-11-18 00:00:00-05:00,85.6714227584525,85.70060495432095,85.02200477695024,85.07308197021484,9801400,0.0,0.0,0.0,-0.005629390004803003,-0.005645294738099427,0.07022132296987414,0.06384132263689454
2016-11-21 00:00:00-05:00,85.21904296035414,85.33578847519728,85.07310410805275,85.1606674194336,5077200,0.0,0.0,0.0,0.00102953187060284,0.0010290022661318323,0.069332291206175,0.06490121953820131
2016-11-22 00:00:00-05:00,85.44523831337544,85.4525366474915,85.21174172464144,85.37957000732422,3693100,0.0,0.0,0.0,0.0025704658561738203,0.00256716785919841,0.06744136283466882,0.06688122431870307
2016-11-23 00:00:00-05:00,84.86152516465458,85.19717626403866,84.67180738952463,85.06583404541016,6098300,0.0,0.0,0.0,-0.0036746022717981663,-0.0036813702074609007,0.06358162387596358,0.06668459680471034
2016-11-25 00:00:00-05:00,85.27739631026984,85.27739631026984,84.97822591615102,85.07308197021484,876100,0.0,0.0,0.0,8.520371176068409e-05,8.52000821306057e-05,0.05415572819617446,0.06633061491450017
2016-11-28 00:00:00-05:00,85.35039373808439,85.4963270380822,85.27742708808547,85.45984649658203,3125200,0.0,0.0,0.0,0.004546262077381957,0.004535959043004959,0.04873027528413044,0.0699615779354724
2016-11-29 00:00:00-05:00,85.40147041938974,85.60577926491722,85.3357965378996,85.57659149169922,3926200,0.0,0.0,0.0,0.0013660800937882467,0.0013651478552886482,0.04884013552634966,0.07018269814108584
2016-11-30 00:00:00-05:00,85.05123007719946,85.32121282761025,84.9928600927044,85.25553894042969,11333400,0.0,0.0,0.0,-0.0037516398546987295,-0.00375869490636807,0.05596253872751564,0.07066715570472179
2016-12-01 00:00:00-05:00,84.85821616781077,84.98991563638096,84.58018085519495,84.7777328491211,11597800,0.317,0.0,0.0,-0.005604399400283566,-0.005620162971089692,0.06437016638121498,0.07112155714267838
2016-12-02 00:00:00-05:00,84.98994511092874,85.37772546338402,84.98994511092874,85.16554260253906,7533500,0.0,0.0,0.0,0.004574429397730562,0.004563998493765649,0.07474873277643448,0.07472575676543859
2016-12-05 00:00:00-05:00,85.07770209469572,85.50938580892287,84.95332082770221,85.34841918945312,4107500,0.0,0.0,0.0,0.002147307248044461,0.002145005078889662,0.06761353577293629,0.07410285609032684
2016-12-06 00:00:00-05:00,85.3850463580918,85.44358072169051,85.31919938565136,85.34114837646484,9040100,0.0,0.0,0.0,-8.518977922888915e-05,-8.51934080842274e-05,0.06619334603545166,0.07422840003176784
2016-12-07 00:00:00-05:00,85.53863920830216,85.8020324916058,85.50205386171379,85.69960021972656,8069200,0.0,0.0,0.0,0.004200222871157955,0.004191426557457538,0.0659887152692872,0.07693542085687692
2016-12-08 00:00:00-05:00,85.47280045644663,85.49474943507596,85.28988485834758,85.34841918945312,5941700,0.0,0.0,0.0,-0.004097814101501562,-0.004106233149373473,0.05662486020915202,0.05963503735768268
2016-12-09 00:00:00-05:00,85.26797905752848,85.38504219687671,84.90946586671069,85.01921081542969,8875100,0.0,0.0,0.0,-0.0038572287237409464,-0.0038646870155235966,0.057978531483332804,0.0606656815696034
2016-12-12 00:00:00-05:00,84.91677934255154,85.03384806523941,84.77776721203962,84.93872833251953,7302800,0.0,0.0,0.0,-0.0009466387906713614,-0.0009470871361411708,0.05361798477717898,0.05930678374755693
2016-12-13 00:00:00-05:00,85.28991870972426,85.28991870972426,84.97530353283817,85.12895202636719,6232700,0.0,0.0,0.0,0.002239540167153997,0.0022370361349640677,0.05833294284174806,0.05772693711343589
2016-12-14 00:00:00-05:00,85.50936698275032,85.50936698275032,84.56552203450386,84.58747100830078,6133700,0.0,0.0,0.0,-0.006360715187691879,-0.0063810307299456874,0.052722546934313434,0.0600112404524493
2016-12-15 00:00:00-05:00,84.75577150790883,84.90942552740428,84.55090692476989,84.64602661132812,9352800,0.0,0.0,0.0,0.0006922491277887577,0.000692009633881221,0.0550893500063112,0.05969619036055212
2016-12-16 00:00:00-05:00,84.77775223441091,84.87286636818311,84.54362041254302,84.5802001953125,7852000,0.0,0.0,0.0,-0.0007776669343013687,-0.0007779694740920181,0.051526888478562814,0.05603890812084877
2016-12-19 00:00:00-05:00,85.01922895066227,85.03386533504276,84.83631322092147,84.9899673461914,5777400,0.0,0.0,0.0,0.004844717202520998,0.004833019326853508,0.06638318746959666,0.05582160155795858
2016-12-20 00:00:00-05:00,84.8216651919756,84.9679955131915,84.74118184066367,84.93872833251953,3750000,0.0,0.0,0.0,-0.0006028830845782318,-0.000603064891661016,0.06369894210336605,0.05570623782294565
2016-12-21 00:00:00-05:00,84.96070230754842,85.22410141160601,84.96070230754842,85.20946502685547,4199600,0.0,0.0,0.0,0.0031874352212579726,0.0031823661183815128,0.03912030805922858,0.05614346468481491
2016-12-22 00:00:00-05:00,85.09789703672217,85.25930441298006,85.02453157408478,85.21528625488281,3773400,0.318,0.0,0.0,6.83166831936255e-05,6.831434971530059e-05,0.04013807912098504,0.05452596886728429
2016-12-23 00:00:00-05:00,85.28131823597369,85.38403100886484,85.2666473816005,85.34735107421875,1291700,0.0,0.0,0.0,0.001549778509702282,0.0015485788423069357,0.035523104984845365,0.05477034231273491
2016-12-27 00:00:00-05:00,85.17858374481371,85.22994011816478,85.10521829680144,85.1932601928711,2542800,0.0,0.0,0.0,-0.0018054559328227748,-0.0018070877327765213,0.03078187186704259,0.05263279518060267
2016-12-28 00:00:00-05:00,85.34735877451725,85.6041407299128,85.20062223041492,85.5087661743164,1731700,0.0,0.0,0.0,0.003703414809235195,0.0036965740528474597,0.03598459141525483,0.054158152957937786
2016-12-29 00:00:00-05:00,85.68487425458032,85.9416562993553,85.5894996657864,85.83894348144531,3309500,0.0,0.0,0.0,0.003861326994893277,0.0038538912070049374,0.03840034007992166,0.05396882950768467
2016-12-30 00:00:00-05:00,85.83894053896809,86.10306080380535,85.80225499207401,85.97100067138672,2388400,0.0,0.0,0.0,0.0015384298150169506,0.0015372476441716878,0.036371116228796935,0.04927418369645942
2017-01-03 00:00:00-05:00,85.80223093323103,86.13238397041738,85.48675434965847,86.04434204101562,5822600,0.0,0.0,0.0,0.0008530942882616355,0.0008527306101490861,0.03696766458723236,0.047120479547338286
2017-01-04 00:00:00-05:00,86.22775569288464,86.33780670166016,86.08102474613517,86.33780670166016,4999200,0.0,0.0,0.0,0.0034106212411344483,0.0034048182632722664,0.021906341183215248,0.04790680057437962
2017-01-05 00:00:00-05:00,86.42585269948164,86.82202739385342,86.35981985213496,86.80001831054688,7071100,0.0,0.0,0.0,0.005353525026225103,0.005339245851065165,0.028831912729146803,0.05071179574792928
2017-01-06 00:00:00-05:00,86.47719099003123,86.55789467687889,86.29377453763674,86.34513092041016,4496000,0.0,0.0,0.0,-0.005240637029698014,-0.005254417334070312,0.06342549125702779,0.05344531087585905
2017-01-09 00:00:00-05:00,86.57988780182463,86.62390595111195,86.47717505520427,86.51385498046875,3561400,0.0,0.0,0.0,0.001954065715808806,0.0019521590128757926,0.06364050012901831,0.05097970202054599
2017-01-10 00:00:00-05:00,86.51388080270128,86.55056633634035,86.4038297992106,86.4625244140625,4259600,0.0,0.0,0.0,-0.0005933219184122152,-0.0005934980035151949,0.06504484539978475,0.048374018277985154
2017-01-11 00:00:00-05:00,86.49914608819512,86.85864054326348,86.34507703602296,86.59452056884766,7133600,0.0,0.0,0.0,0.0015266285096307008,0.0015254643969552877,0.06190304625667157,0.04795290671529188
2017-01-12 00:00:00-05:00,86.88070958924558,86.88804781510733,86.57990949802938,86.58724212646484,3922600,0.0,0.0,0.0,-8.405199699701438e-05,-8.405552956406157e-05,0.04544674828831447,0.04784628992676169
2017-01-13 00:00:00-05:00,86.44049537193811,86.55054635001572,86.12501888674242,86.41114807128906,4045300,0.0,0.0,0.0,-0.0020337182574609036,-0.0020357890705461996,0.025750995704616433,0.041195662930498325
2017-01-17 00:00:00-05:00,86.88805213293229,86.96875582914313,86.6459410442997,86.78533935546875,8443000,0.0,0.0,0.0,0.004330358900809683,0.004321009876740655,0.038557719761386715,0.04274775847778933
2017-01-18 00:00:00-05:00,86.53590586510012,86.57992963308249,86.14706376539257,86.21309661865234,6026200,0.0,0.0,0.0,-0.006593771955796912,-0.006615606906148798,0.06500499979093276,0.05066319575488075
2017-01-19 00:00:00-05:00,86.05901501577975,86.09569495347748,85.78021838265775,85.91961669921875,3371300,0.0,0.0,0.0,-0.0034041222383154324,-0.003409929445128735,0.06440374277195693,0.050738451748670185
2017-01-20 00:00:00-05:00,85.93428637773121,86.10303200059508,85.76554635229405,86.07368469238281,4570600,0.0,0.0,0.0,0.0017931643445687762,0.0017915585447408782,0.06836562347491265,0.0507298626083513
2017-01-23 00:00:00-05:00,86.23508341754297,86.60925456284156,86.07367603731902,86.46985626220703,8747800,0.0,0.0,0.0,0.00460270257094364,0.004592142526230563,0.07861973264104084,0.05189713312665003
2017-01-24 00:00:00-05:00,86.33048027260764,86.39651312586741,86.08836913970113,86.21309661865234,5129700,0.0,0.0,0.0,-0.002969354346746056,-0.002973771625842763,0.07083599597207108,0.053513198347602764
2017-01-25 00:00:00-05:00,85.9636611825373,86.02235581773607,85.73622646792765,85.8829574584961,5886400,0.0,0.0,0.0,-0.003829338848789554,-0.0038366895383201904,0.059698855143352665,0.05559636252406491
2017-01-26 00:00:00-05:00,85.88294394156338,86.02234227886376,85.70686566110814,85.98565673828125,4033200,0.0,0.0,0.0,0.0011958051145919413,0.0011950907091256553,0.05566578872115727,0.05509395144326135
2017-01-27 00:00:00-05:00,86.09568661447136,86.14704300021536,86.00031206878286,86.08834838867188,3816700,0.0,0.0,0.0,0.001194288143930633,0.0011935755491511671,0.05471210285267328,0.05384585839216053
2017-01-30 00:00:00-05:00,86.0516785125921,86.0883584510244,85.91228019323943,85.9416275024414,3651000,0.0,0.0,0.0,-0.0017043059714428876,-0.0017057599531196475,0.03703246624304988,0.0526335321186147
2017-01-31 00:00:00-05:00,85.9709812496219,86.24977231177776,85.89761576983639,86.095703125,4982500,0.0,0.0,0.0,0.0017927938652804176,0.001791188728525267,0.03829177558096237,0.052735620312374214
2017-02-01 00:00:00-05:00,85.90883212640472,86.10745990478051,85.72492042700325,85.98975372314453,3626900,0.316,0.0,0.0,-0.001230600343685495,-0.0012313581540600374,0.025322115021197973,0.05284784883260069
2017-02-02 00:00:00-05:00,86.17366876127355,86.2840169076977,85.98239901497433,86.01182556152344,7145600,0.0,0.0,0.0,0.0002566798650216473,0.00025664692838108796,0.023951939478168996,0.05129012358872484
2017-02-03 00:00:00-05:00,86.26196046234018,86.38701909325505,85.92356354851962,86.10747528076172,5243200,0.0,0.0,0.0,0.0011120531230890407,0.001111435250044096,0.02371289811387165,0.047268418431304866
2017-02-06 00:00:00-05:00,86.38702723094733,86.46059080826575,86.19575743988648,86.37966918945312,4494500,0.0,0.0,0.0,0.0031610949897658003,0.0031561092332022312,0.026130108644785727,0.045211376103781696
2017-02-07 00:00:00-05:00,86.37968452847196,86.68130254534135,86.28405242223009,86.52681732177734,3228900,0.0,0.0,0.0,0.0017035042354871521,0.0017020549178593581,0.025970601342367606,0.045078048541635475
2017-02-08 00:00:00-05:00,86.81364342162604,86.90927544433366,86.68857925342404,86.82835388183594,6287200,0.0,0.0,0.0,0.0034848913827170147,0.0034788332193567213,0.0216683963471579,0.04664955324052073
2017-02-09 00:00:00-05:00,86.8283903899985,86.8283903899985,86.42378801992673,86.48263549804688,4692700,0.0,0.0,0.0,-0.0039816300589959885,-0.003989577851754573,0.04770485430773093,0.04865042266298992
2017-02-10 00:00:00-05:00,86.32818510560669,86.52681296342854,86.26197956136068,86.46060180664062,4881600,0.0,0.0,0.0,-0.000254775901305071,-0.00025480836219863326,0.0486533024836722,0.04865530794547095
2017-02-13 00:00:00-05:00,86.37227967597101,86.42377471923828,86.26193155110151,86.42377471923828,3723500,0.0,0.0,0.0,-0.0004259406785613873,-0.0004260314170592736,0.044257407133115684,0.048125928872213085
2017-02-14 00:00:00-05:00,86.45321836018809,86.45321836018809,85.93090975196137,86.21781158447266,4404100,0.0,0.0,0.0,-0.0023831767986844943,-0.0023860210843670853,0.04446852705452875,0.04598817521982438
2017-02-15 00:00:00-05:00,86.03390512679906,86.151611328125,85.97505763867667,86.151611328125,3632700,0.0,0.0,0.0,-0.0007678257558508816,-0.0007681206850256971,0.025298703037828663,0.03966914688357459
2017-02-16 00:00:00-05:00,86.30607614376119,86.48998783053298,86.22515455257847,86.39435577392578,4037700,0.0,0.0,0.0,0.0028176425496702073,0.002813680435703702,0.029961281732398808,0.038793959323637245
2017-02-17 00:00:00-05:00,86.70333090462785,86.71068894402079,86.53412967382761,86.61505126953125,3104800,0.0,0.0,0.0,0.002554512891825622,0.0025512556696664678,0.035735807146546714,0.03927934644761814
2017-02-21 00:00:00-05:00,86.48999701041775,86.74747227671834,86.43850195715764,86.65184020996094,3656200,0.0,0.0,0.0,0.0004247407337463205,0.00042465055693447537,0.0350625331372912,0.03588560741752331
2017-02-22 00:00:00-05:00,86.84312760571856,86.93140165065364,86.46794607712145,86.71806335449219,4259100,0.0,0.0,0.0,0.0007642439487816066,0.000763952063080102,0.023951809289974254,0.034039464426362125
2017-02-23 00:00:00-05:00,86.92405600836818,86.96083499244892,86.84313438583256,86.93876647949219,4247900,0.0,0.0,0.0,0.0025450651970604365,0.0025418320032625677,0.017963254144325157,0.03119949987246446
2017-02-24 00:00:00-05:00,87.26241876325207,87.44633044918771,87.13000212487685,87.38011932373047,5388800,0.0,0.0,0.0,0.005076594275608803,0.005063751816520968,0.02938479997186623,0.03497387548230173
2017-02-27 00:00:00-05:00,87.36539536673342,87.36539536673342,87.14469913267659,87.17412567138672,5083400,0.0,0.0,0.0,-0.0023574430195107965,-0.0023602261632347963,0.04364942421054308,0.0366828238829451
2017-02-28 00:00:00-05:00,87.26242825543973,87.3801288287213,87.17414861607365,87.23300170898438,4290600,0.0,0.0,0.0,0.0006753843201088294,0.0006751563507577468,0.0433715623617948,0.035632404256947664
2017-03-01 00:00:00-05:00,86.75427640405208,86.76165441686278,86.5919938888658,86.71739196777344,6524600,0.321,0.0,0.0,-0.005910718777407786,-0.00592825621569764,0.06790842718238801,0.04247333892094721
2017-03-02 00:00:00-05:00,86.63626771779683,86.65840176057405,86.48874119927092,86.58463287353516,4687900,0.0,0.0,0.0,-0.001530939656114394,-0.001532112741664724,0.06437989942774526,0.04263588681412304
2017-03-03 00:00:00-05:00,86.68788424772359,86.69526226042393,86.40020365793248,86.67313385009766,4926300,0.0,0.0,0.0,0.0010221326074311143,0.001021610585584279,0.04434338195304371,0.042700622598128915
2017-03-06 00:00:00-05:00,86.65839600505849,86.67314640482105,86.45922902772288,86.51824188232422,3464400,0.0,0.0,0.0,-0.0017870816583294147,-0.0017886803937539465,0.04392900285667317,0.04328332476737985
2017-03-07 00:00:00-05:00,86.3117037191396,86.40021737449679,86.00926705593412,86.09040832519531,5999600,0.0,0.0,0.0,-0.004945009836316516,-0.00495727685451651,0.04446201643971331,0.045536749446008176
2017-03-08 00:00:00-05:00,85.92074164423464,85.92074164423464,85.68469588262032,85.82484436035156,7933300,0.0,0.0,0.0,-0.003084710248331235,-0.0030894777738035414,0.03480385149667324,0.046101015211296135
2017-03-09 00:00:00-05:00,85.55929928107273,85.58142769372209,85.3158811141544,85.36013793945312,5497200,0.0,0.0,0.0,-0.005414590895700067,-0.0054293029234234414,0.041353135617578266,0.046961360487280626
2017-03-10 00:00:00-05:00,85.61830772634104,85.61830772634104,85.38963997036724,85.57405090332031,4789100,0.0,0.0,0.0,0.002506005367738817,0.0025028705724042927,0.050433102680858585,0.04686630271156659
2017-03-13 00:00:00-04:00,85.4928857222219,85.56664894920964,85.28634643554688,85.28634643554688,3171600,0.0,0.0,0.0,-0.00336205268695855,-0.0033677170856615236,0.050180626220283034,0.04791588152412496
2017-03-14 00:00:00-04:00,85.35275992597822,85.41915079170165,85.29374707372969,85.36013793945312,3598500,0.0,0.0,0.0,0.0008652206008381569,0.0008648465132574029,0.05189583092915452,0.0482245764566231
2017-03-15 00:00:00-04:00,85.59616518160152,86.16414828509332,85.50027353829812,86.09776306152344,7841600,0.0,0.0,0.0,0.008641330015112247,0.008604207428614789,0.08703090213178226,0.05779108001162426
2017-03-16 00:00:00-04:00,86.10517297469232,86.11254536152651,85.93551240531009,85.97239685058594,3116900,0.0,0.0,0.0,-0.0014560913835579559,-0.0014571525148110614,0.07308006114359825,0.05795376548263556
2017-03-17 00:00:00-04:00,86.11988159678617,86.24527964544777,86.06824677511531,86.17151641845703,4440500,0.0,0.0,0.0,0.002316087199675909,0.0023134092039017165,0.07291760616269756,0.05764564561231327
2017-03-20 00:00:00-04:00,86.20106496744411,86.40022634044085,86.17155853667121,86.37071990966797,2939600,0.0,0.0,0.0,0.0023117092455886556,0.0023090413565686366,0.059451048948673355,0.05750234009119747
2017-03-21 00:00:00-04:00,86.37809349648852,86.65102374631498,86.32645865222685,86.58463287353516,5032300,0.0,0.0,0.0,0.002476683812418168,0.002473621885639092,0.05767265490733313,0.05822403579861842
2017-03-22 00:00:00-04:00,86.82799845631155,86.89438928456131,86.65096562726578,86.80587005615234,3905800,0.0,0.0,0.0,0.0025551552888181117,0.0025518964296235755,0.02753165051853104,0.05889225030050655
2017-03-23 00:00:00-04:00,86.86491288568607,86.87966328163087,86.63623954023589,86.74688720703125,4504900,0.0,0.0,0.0,-0.0006794799600872148,-0.000679710911218998,0.022030841611629288,0.058193662212996135
2017-03-24 00:00:00-04:00,86.68790943136291,86.90920485446355,86.68790943136291,86.83544158935547,3158300,0.0,0.0,0.0,0.001020836426244065,0.001020315727075148,0.02202359636470629,0.05510355198782055
2017-03-27 00:00:00-04:00,87.10834243922821,87.10834243922821,86.89443071717805,87.01982879638672,3492100,0.0,0.0,0.0,0.0021234095624598215,0.002121158314692257,0.021643585671327514,0.05518744075761345
2017-03-28 00:00:00-04:00,86.99034613441538,87.10836623303302,86.81331317260069,86.83544158935547,4834900,0.0,0.0,0.0,-0.0021189102481767863,-0.0021211583146921943,0.031095497156931065,0.055568285787640614
2017-03-29 00:00:00-04:00,86.98294656085343,87.11572265625,86.90918331402756,87.11572265625,3457100,0.0,0.0,0.0,0.003227726625955052,0.0032225286983586306,0.03401608288923142,0.05254722206251418
2017-03-30 00:00:00-04:00,86.99031647546212,87.07145772774919,86.85016238009818,86.88704681396484,2667700,0.0,0.0,0.0,-0.0026249663701636283,-0.002628417635345571,0.041104925490771646,0.053174445233400446
2017-03-31 00:00:00-04:00,86.94604900199938,86.99768382642029,86.88703616615442,86.97555541992188,5772300,0.0,0.0,0.0,0.0010186628410393528,0.0010181443561251657,0.04110261229370468,0.05317371754195958
2017-04-03 00:00:00-04:00,87.0110599562216,87.3660888671875,86.98887170734743,87.3660888671875,3713700,0.318,0.0,0.0,0.00449015180621859,0.0044801011493498695,0.05007980241808771,0.05474003746170953
2017-04-04 00:00:00-04:00,87.26995310015256,87.29953932004608,87.1368179321289,87.1368179321289,3016200,0.0,0.0,0.0,-0.00262425545233147,-0.00262770484672061,0.05202519826299724,0.052245021984520815
2017-04-05 00:00:00-04:00,87.18862264467141,87.32915582715633,87.05548743047423,87.24779510498047,6753900,0.0,0.0,0.0,0.0012735968042578705,0.0012727864678029359,0.04770825584932272,0.050416290119935536
2017-04-06 00:00:00-04:00,87.33652241631331,87.36610863583782,87.13681684527154,87.3291244506836,2012600,0.0,0.0,0.0,0.0009321650547760019,0.0009317308587386278,0.03999821653383761,0.0447044158121667
2017-04-07 00:00:00-04:00,87.52884278608089,87.60281117194491,87.09245865306012,87.1146469116211,2121700,0.0,0.0,0.0,-0.002455968045157908,-0.002458988881743015,0.04699018468956264,0.04614678814074579
2017-04-10 00:00:00-04:00,87.26994578489813,87.38829065455218,87.21077899306508,87.27734375,2766200,0.0,0.0,0.0,0.0018676174919696198,0.0018658756627980254,0.034318619300159794,0.043397686014013545
2017-04-11 00:00:00-04:00,87.46962440028672,87.73589463200084,87.46962440028672,87.68412017822266,3534200,0.0,0.0,0.0,0.004660733367273906,0.00464990577947894,0.040355429791315275,0.04511532958809255
2017-04-12 00:00:00-04:00,87.8764614721846,87.97261810302734,87.65457327492125,87.97261810302734,2886300,0.0,0.0,0.0,0.003290195809894758,0.0032847949589899375,0.042872910354104427,0.03689043596496138
2017-04-13 00:00:00-04:00,88.06137961414906,88.17232654497379,87.9356423926122,88.12055206298828,3286700,0.0,0.0,0.0,0.0016815909671767937,0.0016801786761285935,0.042400053913785166,0.03569102178104694
2017-04-17 00:00:00-04:00,88.15750679428204,88.17229708005166,87.90602679225118,87.95040893554688,2933700,0.0,0.0,0.0,-0.0019307996086972423,-0.0019326660050735924,0.03910828333274686,0.037142360057616695
2017-04-18 00:00:00-04:00,88.22411090764786,88.50517724961462,88.12795989976213,88.46819305419922,3616800,0.0,0.0,0.0,0.00588722809727682,0.005869966087068678,0.04817011382177161,0.0407761641865772
2017-04-19 00:00:00-04:00,88.29063241331949,88.3350089088344,88.13530903602452,88.20187377929688,1839400,0.0,0.0,0.0,-0.0030103392610176805,-0.0030148794462054856,0.05837982174352219,0.04308998187230512
2017-04-20 00:00:00-04:00,88.09093164239256,88.15750203224344,87.94300622071326,88.07614135742188,3264000,0.0,0.0,0.0,-0.0014255073785576222,-0.0014265243808118278,0.05724755601477852,0.043413310371209546
2017-04-21 00:00:00-04:00,88.2240667791012,88.2314647430831,88.06874339343997,88.07614135742188,3892400,0.0,0.0,0.0,0.0,0.0,0.05580724230327547,0.04318709202445324
2017-04-24 00:00:00-04:00,87.96520741331267,88.03917013503558,87.82467429194338,87.95780944824219,3193400,0.0,0.0,0.0,-0.0013435183167196385,-0.0013444216466374972,0.05473620491846639,0.043811675021964765
2017-04-25 00:00:00-04:00,87.83209283475846,87.87646934959017,87.5806183933851,87.61019897460938,3541100,0.0,0.0,0.0,-0.0039520137644782904,-0.0039598436067802,0.024564129623468073,0.04632959896780745
2017-04-26 00:00:00-04:00,87.62496898362231,87.85425509974357,87.60278073277104,87.82466888427734,3320400,0.0,0.0,0.0,0.002448001627414653,0.0024450101525263553,0.037056408680916246,0.045946518044796845
2017-04-27 00:00:00-04:00,87.82469855586527,87.97262968317496,87.7285475553606,87.90605926513672,4391000,0.0,0.0,0.0,0.0009267371217376308,0.000926307966013788,0.03850764166522195,0.044895503843804106
2017-04-28 00:00:00-04:00,87.8024922562413,88.0243860801143,87.72113156368749,88.00959014892578,4478000,0.0,0.0,0.0,0.0011777445679461707,0.0011770515708748293,0.04012175160056073,0.04344054434828018
2017-05-01 00:00:00-04:00,87.93689031759138,88.04072021557342,87.64764907916926,87.73664855957031,3479800,0.322,0.0,0.0,-0.0031012709966449226,-0.003106089903278295,0.04505685434556936,0.04538921457409316
2017-05-02 00:00:00-04:00,87.78116844768603,88.01849479923825,87.72925348510606,87.99624633789062,2858200,0.0,0.0,0.0,0.0029588294353875,0.0029544607149845203,0.037834563941416176,0.043877016020422585
2017-05-03 00:00:00-04:00,88.15940958897819,88.18165805040745,87.88499869530209,87.95174407958984,2854900,0.0,0.0,0.0,-0.0005057290526905289,-0.0005058569767596603,0.03589365493570198,0.04258952008009565
2017-05-04 00:00:00-04:00,87.69960748196334,87.78118896484375,87.64027446563071,87.78118896484375,1540100,0.0,0.0,0.0,-0.001939189683285325,-0.0019410723458861893,0.03837762898034537,0.04330532193542901
2017-05-05 00:00:00-04:00,87.79597782759483,87.8108139038086,87.61056648305905,87.8108139038086,2887300,0.0,0.0,0.0,0.0003374861894012149,0.00033742925374683446,0.03679521403141428,0.043243103069837044
2017-05-08 00:00:00-04:00,87.78857147680823,87.78857147680823,87.58832404230638,87.65507507324219,3886500,0.0,0.0,0.0,-0.0017735723385619018,-0.0017751469800844906,0.0316100720710844,0.04273562744432283
2017-05-09 00:00:00-04:00,87.60316124272494,87.66990661621094,87.55124628835617,87.66990661621094,3012400,0.0,0.0,0.0,0.00016920347117777013,0.0001691891578849906,0.01692852736336143,0.042339429225820485
2017-05-10 00:00:00-04:00,87.90724218849644,87.90724218849644,87.68475192847177,87.78858184814453,4282600,0.0,0.0,0.0,0.0013536598419467971,0.0013527444704375983,0.022721421549826225,0.03926260994812942
2017-05-11 00:00:00-04:00,87.66251075216137,87.86275823988423,87.62543186583619,87.83309173583984,2263500,0.0,0.0,0.0,0.0005070122646735342,0.0005068837773831898,0.018285036588019166,0.037428008463616345
2017-05-12 00:00:00-04:00,88.10748562069188,88.30030937224116,88.0926495423844,88.27806091308594,3165000,0.0,0.0,0.0,0.005066076673975628,0.005053287284042482,0.03989465675076938,0.04126794550752244
2017-05-15 00:00:00-04:00,88.226148222148,88.31514771936128,88.1668152240058,88.27064514160156,3752700,0.0,0.0,0.0,-8.400469389191478e-05,-8.40082224838263e-05,0.033634476839706544,0.04058199961276719
2017-05-16 00:00:00-04:00,88.32258993132173,88.52283745310861,88.29292908053883,88.39675903320312,3996400,0.0,0.0,0.0,0.0014287183627044175,0.0014276987157011759,0.03186732233125983,0.034970794666084444
2017-05-17 00:00:00-04:00,88.69341167478605,88.98265872015178,88.69341167478605,88.93815612792969,7304300,0.0,0.0,0.0,0.0061246260682839004,0.006105946776364566,0.04451981785970411,0.03942293976965222
2017-05-18 00:00:00-04:00,88.9307502566537,88.96041110922978,88.77499965993309,88.92333221435547,4825400,0.0,0.0,0.0,-0.0001666766461055902,-0.00016669053820144876,0.04672549329251447,0.03889156699522776
2017-05-19 00:00:00-04:00,88.87137455869127,88.97520446777344,88.77495703003949,88.97520446777344,2907800,0.0,0.0,0.0,0.000583336815279667,0.0005831667404970105,0.04161544055142345,0.03885085933137317
2017-05-22 00:00:00-04:00,88.90847439389644,88.94555893801291,88.8491470449399,88.90106201171875,2852900,0.0,0.0,0.0,-0.0008332934607814257,-0.0008336408427714835,0.043783285862157156,0.038569064411069935
2017-05-23 00:00:00-04:00,89.0048657983408,89.0048657983408,88.5969585661185,88.62662506103516,5154200,0.0,0.0,0.0,-0.0030869929388179784,-0.003091767530138521,0.0542580152195837,0.03733648568948143
2017-05-24 00:00:00-04:00,88.67855573628582,88.81947019754934,88.53764127502231,88.7675552368164,5274800,0.0,0.0,0.0,0.0015901561825715227,0.0015888932229205018,0.027936754259263966,0.03688858411739754
2017-05-25 00:00:00-04:00,88.82689018609425,88.82689018609425,88.66373290860805,88.80464172363281,2806200,0.0,0.0,0.0,0.0004177932659907846,0.0004177060146853903,0.02852345256644026,0.036861428458109996
2017-05-26 00:00:00-04:00,88.86398088501129,88.93073193532655,88.78981745223328,88.87139892578125,2054800,0.0,0.0,0.0,0.0007517310002351785,0.0007514485920079714,0.02886231491141222,0.036790206148126676
2017-05-30 00:00:00-04:00,88.99746669293856,89.08646619662186,88.9678001917108,89.07904815673828,3898300,0.0,0.0,0.0,0.002336513585551314,0.002333788182152722,0.03315615351251076,0.0347575809363325
2017-05-31 00:00:00-04:00,89.07904666351065,89.19029462667329,89.0122956222905,89.18287658691406,4428500,0.0,0.0,0.0,0.0011655763316318346,0.0011648975749167145,0.01189041355830137,0.03382451840398603
2017-06-01 00:00:00-04:00,89.00144768428282,89.20965468736526,88.98657251365388,89.20221710205078,9430000,0.316,0.0,0.0,0.00021686354911265582,0.00021684003761231912,0.01334096682444777,0.033587204406974956
2017-06-02 00:00:00-04:00,89.57398478854721,89.66321876064266,89.4550118322999,89.61859893798828,5130100,0.0,0.0,0.0,0.004667841780895854,0.004656981191345268,0.028080617619375952,0.03484444533331985
2017-06-05 00:00:00-04:00,89.42531881685805,89.50711525354524,89.35839188083372,89.36582946777344,3198500,0.0,0.0,0.0,-0.0028205023645788696,-0.0028244874764821017,0.04377174325092161,0.03739687423547585
2017-06-06 00:00:00-04:00,89.72271679118168,89.72271679118168,89.56655590654158,89.62604522705078,1806700,0.0,0.0,0.0,0.0029118037713864453,0.0029075726821959948,0.04495904116442695,0.03667754295642249
2017-06-07 00:00:00-04:00,89.58140747706773,89.6780733425225,89.46986644879695,89.51448059082031,5702400,0.0,0.0,0.0,-0.0012447791927875373,-0.0012455545739259314,0.04830304876712624,0.03749543418503813
2017-06-08 00:00:00-04:00,89.52191488925754,89.52191488925754,89.23191163031599,89.35832214355469,3895200,0.0,0.0,0.0,-0.0017445048693232046,-0.0017460282899436855,0.051554816025822216,0.03874821220030027
2017-06-09 00:00:00-04:00,89.19477002268584,89.33605576254536,89.12041119710204,89.26913452148438,6884700,0.0,0.0,0.0,-0.000998089712640704,-0.00099858813585293,0.03458577171295559,0.039309445211986434
2017-06-12 00:00:00-04:00,89.20220125342588,89.4401528822738,89.17245659066809,89.29143524169922,4075100,0.0,0.0,0.0,0.00024981445529159707,0.00024978325685633265,0.02969168474616089,0.03597617823725809
2017-06-13 00:00:00-04:00,89.20221501319809,89.38811492919922,89.20221501319809,89.38811492919922,4822000,0.0,0.0,0.0,0.0010827431235516105,0.0010821573799842305,0.018468551588886765,0.03593180523353284
2017-06-14 00:00:00-04:00,89.96811147619049,90.20606311454581,89.81939382967386,89.99785614013672,6852800,0.0,0.0,0.0,0.006821278325652713,0.006798118665993677,0.053802493974972755,0.04208940036557426
2017-06-15 00:00:00-04:00,89.87889815475953,89.87889815475953,89.6706854723935,89.7822265625,6624700,0.0,0.0,0.0,-0.00239594126887821,-0.0023988161290756462,0.056108103338010244,0.03880331925733796
2017-06-16 00:00:00-04:00,89.85658264160156,89.90864006550771,89.797098978823,89.85658264160156,4314800,0.0,0.0,0.0,0.0008281826141813831,0.0008278398601890437,0.05354895071205661,0.03874568869179004
2017-06-19 00:00:00-04:00,89.86399096540357,89.86399096540357,89.70039818129712,89.7450180053711,7827700,0.0,0.0,0.0,-0.0012415855683656218,-0.0012423569743045036,0.05639304645928362,0.039247491215154306
2017-06-20 00:00:00-04:00,89.87142671480595,90.03501949557494,89.78219274169194,89.94578552246094,6906500,0.0,0.0,0.0,0.0022370881587858715,0.0022345896027037493,0.05706675899876856,0.0394455943703874
2017-06-21 00:00:00-04:00,89.93834286254375,90.03501441292997,89.84911456768023,89.99039459228516,5462700,0.0,0.0,0.0,0.0004959550863345985,0.0004958321412592453,0.028856395358994372,0.03699322591417123
2017-06-22 00:00:00-04:00,90.11681003007871,90.14655468585053,89.96065484218636,90.06475830078125,3520800,0.0,0.0,0.0,0.000826351621559196,0.0008260103810348032,0.019733871426738075,0.036866779753485304
2017-06-23 00:00:00-04:00,90.0573308942157,90.11682021248113,90.01271674212346,90.10938262939453,5495700,0.0,0.0,0.0,0.0004954693651011421,0.0004953466606844452,0.019663750279767796,0.03685913560833579
2017-06-26 00:00:00-04:00,90.31014104203916,90.39193742643755,90.2506574041964,90.27296447753906,3808600,0.0,0.0,0.0,0.0018153697580785,0.0018137239659124127,0.012755341697565287,0.03705947582861541
2017-06-27 00:00:00-04:00,90.07222065945085,90.08709582897194,89.84170659080829,89.864013671875,4736500,0.0,0.0,0.0,-0.004530158149019359,-0.004540450410925968,0.039552135431066164,0.0410482024257322
2017-06-28 00:00:00-04:00,89.90862635783105,89.96067810058594,89.70041371359703,89.96067810058594,3933900,0.0,0.0,0.0,0.0010756745081952346,0.0010750963849159518,0.04038119403066264,0.04102841765275601
2017-06-29 00:00:00-04:00,89.50707694794325,89.7598980635302,89.4847641966731,89.68553924560547,6954200,0.0,0.0,0.0,-0.0030584346493346404,-0.003063121218737037,0.04422339478946869,0.04286797057270862
2017-06-30 00:00:00-04:00,89.7227471500802,89.74505423451558,89.5814613843684,89.6112060546875,4567700,0.0,0.0,0.0,-0.0008288202484283413,-0.0008291639098325852,0.042675412503859984,0.03971969574123192
2017-07-03 00:00:00-04:00,89.72305072085241,89.72305072085241,89.41736602783203,89.41736602783203,5759500,0.32,0.0,0.0,-0.002163122620369329,-0.0021654655494096568,0.03398312478507032,0.03916549362770803
2017-07-05 00:00:00-04:00,89.49188760036128,89.58135916928632,89.39496433359838,89.56644439697266,5406900,0.0,0.0,0.0,0.0016672194201541313,0.001665831152673474,0.03221085090448145,0.03818860070559926
2017-07-06 00:00:00-04:00,89.30548040807209,89.38749457949254,89.09671913111752,89.3353042602539,11548000,0.0,0.0,0.0,-0.0025806554929690417,-0.002583991124335187,0.03018299669190875,0.039036947666331055
2017-07-07 00:00:00-04:00,89.24584267437277,89.29803299944219,89.17128587974773,89.26075744628906,9803900,0.0,0.0,0.0,-0.0008344608504121664,-0.0008348092066741922,0.026335127372216563,0.038659472811780095
2017-07-10 00:00:00-04:00,89.38753037457249,89.43226332659937,89.27569230618487,89.40989685058594,2234500,0.0,0.0,0.0,0.0016708283523878542,0.0016694340715495363,0.03234156212311387,0.03895269655073177
2017-07-11 00:00:00-04:00,89.3949456097644,89.46204500616494,89.26819851324042,89.44713592529297,4340900,0.0,0.0,0.0,0.00041649835218193765,0.00041641164081917685,0.0287037090554268,0.038966732308782386
2017-07-12 00:00:00-04:00,89.84231567382812,89.93178724760529,89.75284410005095,89.84231567382812,6779600,0.0,0.0,0.0,0.00441802573606398,0.00440829491052631,0.04194768155551195,0.04178998730674172
2017-07-13 00:00:00-04:00,89.7528293835601,89.79011062193419,89.5589828713062,89.68572998046875,3977400,0.0,0.0,0.0,-0.0017428946725711603,-0.0017444152805875962,0.0381750266652159,0.034340138010782846
2017-07-14 00:00:00-04:00,90.00636932655138,90.06601705915489,89.75286930714687,89.89453125,5302000,0.0,0.0,0.0,0.002328143725615295,0.002325437798056766,0.036274812537277434,0.034375643529810304
2017-07-17 00:00:00-04:00,89.89448729469623,90.02869178327235,89.80501573953947,89.97650146484375,5899000,0.0,0.0,0.0,0.000911848737670029,0.0009114332561615103,0.03634182321381069,0.03440156147189824
2017-07-18 00:00:00-04:00,90.25239492779274,90.36422729492188,90.1554659585211,90.36422729492188,4775300,0.0,0.0,0.0,0.004309189885868259,0.004299931913842836,0.040836500472092765,0.03713121147436466
2017-07-19 00:00:00-04:00,90.35677046385466,90.43878465397093,90.2822079722439,90.33440399169922,4144200,0.0,0.0,0.0,-0.00033003439652423694,-0.0003300888698613945,0.037203267608369193,0.03651050917321148
2017-07-20 00:00:00-04:00,90.52823512477616,90.5655163642322,90.3567550752428,90.41639709472656,1925200,0.0,0.0,0.0,0.0009076619693519916,0.0009072502933163088,0.0281124535156253,0.03658124505582293
2017-07-21 00:00:00-04:00,90.54314604462516,90.66989315207486,90.53568865938745,90.62516021728516,3634000,0.0,0.0,0.0,0.0023089077785292123,0.0023062463468439495,0.02808247387676326,0.03726919593781162
2017-07-24 00:00:00-04:00,90.56551540692271,90.58788187503252,90.4462199925792,90.52078247070312,2647900,0.0,0.0,0.0,-0.0011517524088429099,-0.0011524161853683035,0.03446409918143591,0.03761914296213949
2017-07-25 00:00:00-04:00,90.17036547352124,90.20018932914853,89.96160417244909,89.98397064208984,7043100,0.0,0.0,0.0,-0.005930260587252656,-0.0059479144116896835,0.04971911689688462,0.04295919220524349
2017-07-26 00:00:00-04:00,89.9765418995655,90.35678906946413,89.94671803444398,90.2822265625,9355500,0.0,0.0,0.0,0.003314545004870606,0.003309064008575813,0.05809665435842532,0.04136227306330603
2017-07-27 00:00:00-04:00,90.09579300521852,90.16289809502254,89.99141236625067,90.05851745605469,2769100,0.0,0.0,0.0,-0.002477886456316414,-0.0024809614977475943,0.059318740436774604,0.042317155718341694
2017-07-28 00:00:00-04:00,90.09580191023927,90.29711151123047,90.05852635739114,90.29711151123047,2312200,0.0,0.0,0.0,0.002649322484041594,0.002645819215390837,0.06047608037905664,0.041586365107349574
2017-07-31 00:00:00-04:00,90.14799792320042,90.3045688971276,90.14799792320042,90.29711151123047,3689900,0.0,0.0,0.0,0.0,0.0,0.06050985181441836,0.04138013535955171
2017-08-01 00:00:00-04:00,90.17601235952849,90.62454223632812,90.13116165316623,90.62454223632812,7390500,0.318,0.0,0.0,0.003626148385233119,0.003619589759429019,0.041378538188484915,0.04175369305198545
2017-08-02 00:00:00-04:00,90.57969186576304,90.66939898776275,90.45261105373447,90.48251342773438,6728600,0.0,0.0,0.0,-0.0015672223559857201,-0.001568451733582201,0.041826440864532355,0.04230807067552727
2017-08-03 00:00:00-04:00,90.53486603672933,90.65446986230316,90.51991199397244,90.609619140625,6520500,0.0,0.0,0.0,0.0014047544445385807,0.0014037687000584957,0.03284491079259647,0.04078140846715541
2017-08-04 00:00:00-04:00,90.37781867250693,90.39276700135974,90.13860548781652,90.25820922851562,5095700,0.0,0.0,0.0,-0.003878284838213397,-0.0038858248861392405,0.04530857293385208,0.04364274477454883
2017-08-07 00:00:00-04:00,90.26574471566337,90.32554947639852,90.1461351941931,90.28069305419922,10816400,0.0,0.0,0.0,0.0002491056035320849,0.00024907458188290016,0.0453717637484285,0.04345389804378286
2017-08-08 00:00:00-04:00,90.19096803356882,90.20591636819601,89.83214526627762,89.84709930419922,9992700,0.0,0.0,0.0,-0.004802729524237215,-0.004814299690128345,0.04186945963082694,0.047343520972749534
2017-08-09 00:00:00-04:00,90.13115301407245,90.16853240132103,89.92931915149387,89.9367904663086,7465800,0.0,0.0,0.0,0.0009982644159240994,0.0009977664813547382,0.04619299172959143,0.044817514564111184
2017-08-10 00:00:00-04:00,89.95921859092574,90.03397736772783,89.74990770378531,89.90689086914062,8053400,0.0,0.0,0.0,-0.00033245123617309247,-0.000332506510336291,0.041406277492996024,0.04434364724461362
2017-08-11 00:00:00-04:00,89.9293209704851,90.08630413417566,89.77233210350066,90.07135009765625,10910500,0.0,0.0,0.0,0.0018292171704057392,0.0018275461900910902,0.04103935951078461,0.04404954362664991
2017-08-14 00:00:00-04:00,90.01898406813402,90.19092119517478,89.9741333842501,90.01151275634766,3051500,0.0,0.0,0.0,-0.000664332678967483,-0.0006645534457021074,0.040622959649726016,0.0440204680536094
2017-08-15 00:00:00-04:00,89.83213779563246,89.96669560926473,89.78728709218635,89.90689086914062,4710000,0.0,0.0,0.0,-0.0011623167304191107,-0.0011629927443890175,0.019693449259192752,0.04114529633418909
2017-08-16 00:00:00-04:00,89.92932789370299,90.30309898934881,89.92185087486767,90.16106414794922,5190200,0.0,0.0,0.0,0.0028270722783478863,0.0028230836252198044,0.02748860769888943,0.042565951269811074
2017-08-17 00:00:00-04:00,90.15358643462004,90.33299496222556,90.0638850224644,90.25077056884766,8973800,0.0,0.0,0.0,0.000994957432525867,0.0009944627904509477,0.026557347524434963,0.04259427763088126
2017-08-18 00:00:00-04:00,90.4750200624584,90.48249708043119,90.16105374712515,90.19095611572266,4350900,0.0,0.0,0.0,-0.0006627583648094459,-0.0006629780862213412,0.02615523107601615,0.0416722831859168
2017-08-21 00:00:00-04:00,90.33299490407578,90.35542596039451,90.2432934919779,90.31804656982422,3666200,0.0,0.0,0.0,0.0014091263644937513,0.001408134477624818,0.02564343154802132,0.041917299216717434
2017-08-22 00:00:00-04:00,90.28812962407804,90.29560664164404,90.18347419132739,90.22832489013672,2390100,0.0,0.0,0.0,-0.000993397035199739,-0.0009938907810520382,0.02489550464937858,0.036080373821716125
2017-08-23 00:00:00-04:00,90.41524619286587,90.5797064246517,90.35544713854924,90.57223510742188,4590000,0.0,0.0,0.0,0.0038115549380297598,0.003804309367929844,0.030506159018851522,0.03669855765556912
2017-08-24 00:00:00-04:00,90.45260390862468,90.54978233897694,90.3703738124442,90.40027618408203,2929800,0.0,0.0,0.0,-0.0018985831931374042,-0.0019003877866837693,0.03636372965628111,0.03619989085363809
2017-08-25 00:00:00-04:00,90.46011293283365,90.66942390506004,90.41525650785925,90.609619140625,5488000,0.0,0.0,0.0,0.00231573359484738,0.0023130564160981294,0.03735868327931376,0.03591780274245616
2017-08-28 00:00:00-04:00,90.58719377978592,90.64699854422096,90.45263591145522,90.609619140625,5200500,0.0,0.0,0.0,0.0,0.0,0.03755636901165665,0.03591780274245616
2017-08-29 00:00:00-04:00,90.93851088596794,90.9758845744497,90.62454452690798,90.67687225341797,3499700,0.0,0.0,0.0,0.0007422292846037681,0.0007419539686715818,0.03469229906548929,0.03362863950465444
2017-08-30 00:00:00-04:00,90.66938733952861,90.75161743164062,90.63200795100717,90.75161743164062,2573700,0.0,0.0,0.0,0.0008243025632133083,0.0008239630124376861,0.024348902899269487,0.033189777600647945
2017-08-31 00:00:00-04:00,90.79646739216292,90.94597924173117,90.78899037386104,90.90859985351562,4549400,0.0,0.0,0.0,0.001729803019689946,0.0017283086335274235,0.014388464058777108,0.03337224278327458
2017-09-01 00:00:00-04:00,90.83366254871103,90.85614706839608,90.54135235612186,90.54884338378906,7946000,0.32,0.0,0.0,-0.003957342543018494,-0.003965193542594706,0.035314778649698,0.03350027432911723
2017-09-05 00:00:00-04:00,90.85615260582853,91.18594083022029,90.81867459184143,91.1109848022461,7357000,0.0,0.0,0.0,0.006208156807419485,0.006188965589052387,0.057384861532489506,0.03979106706982846
2017-09-06 00:00:00-04:00,91.09597703677792,91.14094606902037,90.75120111345713,90.7886734008789,8863700,0.0,0.0,0.0,-0.0035375690655385927,-0.003543841059094388,0.0664394256217353,0.037773692257865615
2017-09-07 00:00:00-04:00,90.96857556320874,91.29835804980455,90.95358207116153,91.14096069335938,7698800,0.0,0.0,0.0,0.0038803000339584504,0.0038727910881552977,0.0714471218004071,0.03959495040259751
2017-09-08 00:00:00-04:00,91.08097209064431,91.08097209064431,90.86361798325146,90.87110900878906,6776600,0.0,0.0,0.0,-0.002960816766878538,-0.0029652086560370988,0.07551343062079292,0.041527942004981507
2017-09-11 00:00:00-04:00,90.68374910684156,90.83365542355256,90.57881754431452,90.59381103515625,4220300,0.0,0.0,0.0,-0.0030515526514152125,-0.0030562181319312223,0.07280359076223725,0.04309749458099617
2017-09-12 00:00:00-04:00,90.55634620240117,90.55634620240117,90.35397979332349,90.49638366699219,4615800,0.0,0.0,0.0,-0.0010754307281128916,-0.001076009418669985,0.0487394523878727,0.0432430356279783
2017-09-13 00:00:00-04:00,90.55634134700634,90.57132912088393,90.39144724264389,90.40644073486328,5671300,0.0,0.0,0.0,-0.0009938842690099259,-0.0009943784994790811,0.04472356919401151,0.04317300589194248
2017-09-14 00:00:00-04:00,90.36146856622436,90.63129425048828,90.36146856622436,90.63129425048828,4333500,0.0,0.0,0.0,0.002487140449256575,0.002484052634276019,0.03562832500101224,0.042923216035004104
2017-09-15 00:00:00-04:00,90.6837761565242,90.72875092412347,90.53387551344126,90.70626068115234,4631300,0.0,0.0,0.0,0.0008271583373493652,0.0008268164304196299,0.03336824866458278,0.042889414794075785
2017-09-18 00:00:00-04:00,90.66127916270032,90.67627265595227,90.51137854023413,90.6163101196289,4971700,0.0,0.0,0.0,-0.0009916687210779207,-0.000992160749817339,0.0250809548999121,0.042998535488097275
2017-09-19 00:00:00-04:00,90.65380685670966,90.7362539367968,90.57135977662251,90.6688003540039,5296800,0.0,0.0,0.0,0.0005792581303045718,0.0005790904250737636,0.023070957433733708,0.04279939046425896
2017-09-20 00:00:00-04:00,90.7437369969085,90.75872477359812,90.3464951536903,90.55635833740234,6603300,0.0,0.0,0.0,-0.0012401401161430403,-0.001240909726245582,0.02404172012764868,0.04289927822819412
2017-09-21 00:00:00-04:00,90.57884286160822,90.7437369969085,90.54886158988609,90.55635833740234,3410000,0.0,0.0,0.0,0.0,0.0,0.014645966573184082,0.04070288827080246
2017-09-22 00:00:00-04:00,90.73618817496892,90.78116291591209,90.61626887524618,90.67623138427734,2099200,0.0,0.0,0.0,0.0013237397028309505,0.001322864331854246,0.01700047475363215,0.0403206408570991
2017-09-25 00:00:00-04:00,90.78116408016376,91.035996169305,90.74368608195373,91.01351165771484,3489900,0.0,0.0,0.0,0.0037196106221941694,0.003712709977118673,0.029292738323434514,0.041605703393133964
2017-09-26 00:00:00-04:00,90.91608812465165,91.03600744075992,90.84862886318919,90.99853515625,10290700,0.0,0.0,0.0,-0.0001645525064581932,-0.00016456604670729235,0.030229215828700567,0.04162163802329913
2017-09-27 00:00:00-04:00,90.57878861321092,90.69871362827534,90.42139131969346,90.64624786376953,6695500,0.0,0.0,0.0,-0.0038713512462104083,-0.003878864323221446,0.04376244977672571,0.044003733722003946
2017-09-28 00:00:00-04:00,90.53387065869511,90.79619962919475,90.50388938801763,90.78121185302734,6350800,0.0,0.0,0.0,0.0014889087241718446,0.0014878013985789428,0.04459911782328939,0.04423414465922693
2017-09-29 00:00:00-04:00,90.8411267119836,90.91608271322274,90.65374814556587,90.86361694335938,7627300,0.0,0.0,0.0,0.0009077328739062196,0.000907321133569022,0.04421071772257707,0.043907739238624455
2017-10-02 00:00:00-04:00,90.90344294538365,91.01617157677137,90.76065296338476,90.94853210449219,7218100,0.323,0.0,0.0,0.0009345342392186318,0.0009340978339657661,0.03444191346714885,0.04145642076280311
2017-10-03 00:00:00-04:00,90.91849801425306,91.1514663696289,90.87340311085104,91.1514663696289,7569400,0.0,0.0,0.0,0.0022313088561294325,0.002228823183372757,0.03832000292294287,0.035868892163578595
2017-10-04 00:00:00-04:00,91.15899967948933,91.15899967948933,90.91851450765078,91.098876953125,5376300,0.0,0.0,0.0,-0.0005769453701451877,-0.0005771118671681246,0.016372050198404896,0.03342550392689249
2017-10-05 00:00:00-04:00,91.04625037763896,91.04625037763896,90.8733990118996,90.97109985351562,3932800,0.0,0.0,0.0,-0.0014026199211557566,-0.001403604513257392,0.022588851404850632,0.030811466824376302
2017-10-06 00:00:00-04:00,90.6930509262469,90.92601930789637,90.61038361657417,90.89595794677734,5901300,0.0,0.0,0.0,-0.0008259975625146687,-0.0008263388864694218,0.02355722098841993,0.02905654763958234
2017-10-09 00:00:00-04:00,90.94854953602291,90.9861276648933,90.83582661664667,90.97109985351562,1312200,0.0,0.0,0.0,0.0008266803985088611,0.0008263388864694672,0.02331969589130018,0.026801051333330557
2017-10-10 00:00:00-04:00,91.00119625954935,91.23417044244452,90.97114062332419,91.03125762939453,3873400,0.0,0.0,0.0,0.0006612844735940371,0.0006610659213613532,0.015382646568546583,0.026403033900885133
2017-10-11 00:00:00-04:00,91.1664998140346,91.1664998140346,90.93353144426575,90.98613739013672,7170900,0.0,0.0,0.0,-0.0004956565517473255,-0.0004957794300612757,0.015288839813395039,0.026138103971533835
2017-10-12 00:00:00-04:00,91.01618376425091,91.07630647352391,90.89593834570489,91.0086669921875,10302500,0.0,0.0,0.0,0.00024761576540144326,0.0002475851136776012,0.011435408533637023,0.024853737320739578
2017-10-13 00:00:00-04:00,91.36184510830977,91.42196779413314,91.23408870114628,91.3693618774414,5755800,0.0,0.0,0.0,0.0039633025861687265,0.0039554693925304436,0.027173638850580936,0.02816138656563415
2017-10-16 00:00:00-04:00,91.33934092043621,91.3543687317292,91.15146174437812,91.24164581298828,4886100,0.0,0.0,0.0,-0.0013977996762682965,-0.001398777509552036,0.03236931580962657,0.02845638201107999
2017-10-17 00:00:00-04:00,91.13643183355545,91.30176643245812,91.12892079441818,91.22661590576172,4476900,0.0,0.0,0.0,-0.00016472639322362426,-0.00016473996210605897,0.032792369458952454,0.028497817676770464
2017-10-18 00:00:00-04:00,91.00865657015977,91.151446554927,90.96356741017705,91.09132385253906,3272500,0.0,0.0,0.0,-0.0014830326860136855,-0.001484133467452089,0.035209423180074424,0.02868528013341537
2017-10-19 00:00:00-04:00,91.3468613353701,91.3468613353701,91.15898215182027,91.22661590576172,4143300,0.0,0.0,0.0,0.001485235338567259,0.0014841334674521448,0.03632036949548546,0.028965050877355392
2017-10-20 00:00:00-04:00,90.91849782541395,91.0537710681036,90.85837511008127,90.9786148071289,7280400,0.0,0.0,0.0,-0.0027185169171352053,-0.002722218794849811,0.025243622226781098,0.030702268047377076
2017-10-23 00:00:00-04:00,91.1138986842306,91.1665046328822,91.03874814810239,91.06880950927734,2675800,0.0,0.0,0.0,0.0009913835502952661,0.000990892454172979,0.02760003532068059,0.027917783281211025
2017-10-24 00:00:00-04:00,90.84331512451172,90.97858832783014,90.82077054622799,90.84331512451172,4686200,0.0,0.0,0.0,-0.002476087982051123,-0.0024791585576226564,0.031127584123242666,0.029304760096772905
2017-10-25 00:00:00-04:00,90.61787778189921,90.66296694551922,90.48260455742226,90.60284423828125,8866600,0.0,0.0,0.0,-0.002647095010798295,-0.0026506047619277496,0.0336378577991941,0.027470913661242446
2017-10-26 00:00:00-04:00,90.78319314602082,90.78319314602082,90.58779725566082,90.5953140258789,9420100,0.0,0.0,0.0,-8.311231800339769e-05,-8.311577202348204e-05,0.02738492974871541,0.02688423687269389
2017-10-27 00:00:00-04:00,90.7155837168807,90.89594612652186,90.69303913237776,90.86589050292969,6915900,0.0,0.0,0.0,0.002986649805899244,0.0029821986279053147,0.03785514666431842,0.028859185613326906
2017-10-30 00:00:00-04:00,90.71556459281781,91.19653473954433,90.71556459281781,91.16647338867188,5236600,0.0,0.0,0.0,0.0033079837118032973,0.0033025243699806774,0.04543755081682178,0.031024044897491956
2017-10-31 00:00:00-04:00,91.2040384577851,91.2040384577851,91.02367611197974,91.03870391845703,5932800,0.0,0.0,0.0,-0.0014014962459951708,-0.0014024792604269791,0.041928983580975715,0.030421451370223118
2017-11-01 00:00:00-04:00,91.21282708707214,91.28817730019918,91.06212091196531,91.18268585205078,5967400,0.321,0.0,0.0,0.001581546390672539,0.001580297063252335,0.031912089304002376,0.030896261725856813
2017-11-02 00:00:00-04:00,91.28815982667604,91.28815982667604,91.09978145548968,91.16759490966797,13253900,0.0,0.0,0.0,-0.00016550227975620224,-0.00016551597676978333,0.03213808827102227,0.03043462349894292
2017-11-03 00:00:00-04:00,91.2504973180835,91.3183165326075,91.10733364093754,91.27310180664062,5307500,0.0,0.0,0.0,0.0011572850756587094,0.001156615937491524,0.02835409443110663,0.030440179366913584
2017-11-06 00:00:00-05:00,91.31831219011892,91.36352116508333,91.21282074930042,91.29570770263672,9576900,0.0,0.0,0.0,0.00024767314300300214,0.00024764247707343323,0.018598466215996257,0.030353560511308362
2017-11-07 00:00:00-05:00,91.190180432289,91.2579996212166,91.14497147223756,91.22032165527344,7643200,0.0,0.0,0.0,-0.0008257348484423943,-0.0008260759552511399,0.015502963226073927,0.030499339441417212
2017-11-08 00:00:00-05:00,91.23538695032411,91.25799142832047,91.0846808489319,91.0997543334961,7185500,0.0,0.0,0.0,-0.0013217155957087057,-0.001322589832179567,0.015250935333977823,0.030854177089114213
2017-11-09 00:00:00-05:00,90.88124705917099,90.98673846995273,90.80589687273412,90.858642578125,7232300,0.0,0.0,0.0,-0.002646678436567851,-0.0026501870821462373,0.02319122724207466,0.0323024361447824
2017-11-10 00:00:00-05:00,90.48945317989008,90.53466790896492,90.2558657836067,90.33875274658203,5816600,0.0,0.0,0.0,-0.005721963445535105,-0.00573839659494034,0.03650083940826208,0.03444511128104386
2017-11-13 00:00:00-05:00,90.49694627173518,90.51201975710657,90.3537826538086,90.3537826538086,3646400,0.0,0.0,0.0,0.0001663727555407668,0.00016635891712874225,0.03618106764701725,0.03439084304813199
2017-11-14 00:00:00-05:00,90.40656793186467,90.49698588827388,90.33121196971996,90.37642669677734,6112500,0.0,0.0,0.0,0.0002506153290284807,0.0002505839302528088,0.03919437891994567,0.03447389847440251
2017-11-15 00:00:00-05:00,90.4743329368776,90.78327611939866,90.30855910711992,90.76066589355469,7141900,0.0,0.0,0.0,0.004251542253009166,0.0042425299822482325,0.058957132971057626,0.0380534886712287
2017-11-16 00:00:00-05:00,90.6928674812899,90.81342662817387,90.6250482902265,90.65518951416016,5051200,0.0,0.0,0.0,-0.0011621375664898626,-0.0011628133719882956,0.0568363794173002,0.03767624539464722
2017-11-17 00:00:00-05:00,90.80591985950588,90.85866557824889,90.70795941837444,90.76824188232422,5521500,0.0,0.0,0.0,0.00124705897996491,0.001246282047768256,0.032292782327987955,0.03693832590202163
2017-11-20 00:00:00-05:00,90.73810065034932,90.87373331981026,90.70795941837444,90.76824188232422,3190600,0.0,0.0,0.0,0.0,0.0,0.03256778287110782,0.03671207469013303
2017-11-21 00:00:00-05:00,91.0997365513091,91.12987776570415,90.92642600574983,91.06959533691406,4372100,0.0,0.0,0.0,0.0033200318563020303,0.0033145327187183646,0.035743701023728126,0.03762176091752694
2017-11-22 00:00:00-05:00,91.21279951610994,91.45392357454337,91.16005380797922,91.42378234863281,4111500,0.0,0.0,0.0,0.0038891905735216614,0.0038816472238868745,0.03405926233046508,0.038375943989506375
2017-11-24 00:00:00-05:00,91.36353020746616,91.45395391519668,91.3032477356458,91.31832122802734,1359700,0.0,0.0,0.0,-0.0011535414297705326,-0.0011542072707850146,0.0340176170744957,0.03876077983155929
2017-11-27 00:00:00-05:00,91.29567466928674,91.37102484991438,91.20525100322341,91.26553344726562,6049200,0.0,0.0,0.0,-0.0005780634165394316,-0.0005782305596121699,0.037069925544841134,0.03765570616814231
2017-11-28 00:00:00-05:00,91.35593776352674,91.46896589206585,91.30319207005509,91.39361572265625,5176400,0.0,0.0,0.0,0.001403402473559634,0.00140241862469129,0.03577323172960115,0.03616290162950977
2017-11-29 00:00:00-05:00,91.03195190429688,91.07716661746089,90.88878826768867,91.03195190429688,7606300,0.0,0.0,0.0,-0.0039572109659922194,-0.003965061442813036,0.04654526245623165,0.03864802499253025
2017-11-30 00:00:00-05:00,91.12236771324264,91.129904456261,90.77575226945454,90.92645263671875,6119600,0.0,0.0,0.0,-0.0011589256889606991,-0.0011595977626427817,0.030441014748843562,0.03838311431326467
2017-12-01 00:00:00-05:00,91.27552968762136,91.70618133167615,90.96576554713522,91.20753479003906,13958300,0.322,0.0,0.0,0.003091313310586541,0.0030865450259083774,0.04242890154474518,0.040056540669199205
2017-12-04 00:00:00-05:00,91.25286693744627,91.35864062352037,91.10176331854998,91.35108947753906,5766700,0.0,0.0,0.0,0.0015739345201080113,0.0015726971833257867,0.04406727163554056,0.04023964218332055
2017-12-05 00:00:00-05:00,91.4190752624596,91.5475139021397,91.2906366227795,91.52484893798828,4541900,0.0,0.0,0.0,0.0019021060552533164,0.0019002993422077015,0.04506299738004429,0.04077472394454226
2017-12-06 00:00:00-05:00,91.78168655109913,91.8270164569644,91.67590716369659,91.69857788085938,4801500,0.0,0.0,0.0,0.001898161481684646,0.0018963622496415604,0.024999666852751394,0.0410745480176073
2017-12-07 00:00:00-05:00,91.7892792949363,91.8497230396388,91.37374151963031,91.51728820800781,8295200,0.0,0.0,0.0,-0.00197701727814259,-0.0019789741564151045,0.030476355635880463,0.04147414856001763
2017-12-08 00:00:00-05:00,91.43417728902844,91.50217794123253,91.35107434736305,91.40396118164062,5135100,0.0,0.0,0.0,-0.001238312766759564,-0.0012390801095527218,0.02991846189945361,0.04046673404893561
2017-12-11 00:00:00-05:00,91.48705476845765,91.58527728223861,91.44172484777846,91.4719467163086,4521500,0.0,0.0,0.0,0.0007437919953257044,0.0007435155191449018,0.0284671605800078,0.033631381069032136
2017-12-12 00:00:00-05:00,91.38129045475085,91.41151232637127,91.25285182353852,91.40396118164062,10153000,0.0,0.0,0.0,-0.0007432391799730986,-0.0007435155191449725,0.024852565498778435,0.03394960776538906
2017-12-13 00:00:00-05:00,91.555080776927,91.82707190481506,91.48708011283817,91.72129821777344,7205800,0.0,0.0,0.0,0.003471808355243855,0.003465795541488481,0.03422041622858499,0.035428212851252645
2017-12-14 00:00:00-05:00,91.63817083774097,91.91771881899074,91.58528400498912,91.88749694824219,8022200,0.0,0.0,0.0,0.0018119971445906824,0.0018103574582039117,0.030433691678508224,0.03321119601219301
2017-12-15 00:00:00-05:00,91.94795240079853,92.06128299658668,91.78929187238853,92.01595306396484,5846000,0.0,0.0,0.0,0.0013979716499952222,0.001396995397371205,0.02442048856388212,0.03262811144034325
2017-12-18 00:00:00-05:00,91.96300825706345,92.00078125569556,91.72879606716266,91.74390411376953,6371100,0.0,0.0,0.0,-0.0029565411337553194,-0.0029609203351491304,0.03953213889864323,0.035092792988060055
2017-12-19 00:00:00-05:00,91.547496111344,91.56260992732982,91.15462335919078,91.27550506591797,6029200,0.0,0.0,0.0,-0.005105505944795086,-0.005118583571193869,0.057080616415990375,0.0404063111885215
2017-12-20 00:00:00-05:00,91.07907286698739,91.19239766733301,90.96574230240981,91.03373718261719,9805700,0.0,0.0,0.0,-0.0026487706984056336,-0.0026522848984237165,0.047496638912054016,0.0400064466464587
2017-12-21 00:00:00-05:00,91.07459331981704,91.30172741975548,91.0594475806436,91.27901458740234,6210400,0.254,0.0,0.0,0.0026943571952133816,0.0026907339216685772,0.051608217292459714,0.038661471581614766
2017-12-22 00:00:00-05:00,91.28660418316649,91.36231556368502,91.22603276818845,91.34717559814453,2934900,0.0,0.0,0.0,0.0007467325436223415,0.0007464538775938549,0.049613039633962824,0.038547548093887
2017-12-26 00:00:00-05:00,91.3699290107423,91.50621186676014,91.30935756886534,91.46835327148438,1873000,0.0,0.0,0.0,0.0013265617962061604,0.0013256826904794133,0.05074576870608391,0.038748886102483976
2017-12-27 00:00:00-05:00,91.67277267715622,91.98319118175822,91.57434264834254,91.97562408447266,3179300,0.0,0.0,0.0,0.0055458614356231895,0.005530539767886155,0.04735810755352914,0.04312070586276061
2017-12-28 00:00:00-05:00,91.96804525150999,91.975618124715,91.77876385625338,91.91504669189453,2493200,0.0,0.0,0.0,-0.0006586244255596396,-0.0006588414139077266,0.03733373008738939,0.04027598709950886
2017-12-29 00:00:00-05:00,91.80905200378508,92.08918477928059,91.80905200378508,92.03618621826172,3003300,0.0,0.0,0.0,0.0013179509854708282,0.0013170832504086193,0.03683611202552861,0.039892194771324184
2018-01-02 00:00:00-05:00,91.85445094536789,91.96044803654156,91.23360836431847,91.42288970947266,8480600,0.0,0.0,0.0,-0.006663645398502727,-0.006685946610290615,0.0705213175868541,0.0463492214130646
2018-01-03 00:00:00-05:00,91.56677232458038,91.65005660306804,91.38505802074738,91.58948516845703,5087600,0.0,0.0,0.0,0.001822251074252712,0.001820592788999674,0.07111714959966775,0.046460641147500786
2018-01-04 00:00:00-05:00,91.44564171993201,91.6197831736918,91.40778890053082,91.55921173095703,7710100,0.0,0.0,0.0,-0.0003305339848163058,-0.000330588623214095,0.05379332231803258,0.04600769210593838
2018-01-05 00:00:00-05:00,91.68035350218894,91.68035350218894,91.43050639692142,91.5289306640625,5796500,0.0,0.0,0.0,-0.0003307266010930121,-0.00033078130319664036,0.05393715762610344,0.045479911756819126
2018-01-08 00:00:00-05:00,91.62735945188786,91.63493232709111,91.4380780066856,91.5213623046875,3897200,0.0,0.0,0.0,-8.268816558976155e-05,-8.269158444459305e-05,0.05126202046445709,0.04493049298124108
2018-01-09 00:00:00-05:00,91.40778429963981,91.43806424307239,91.17307141495924,91.18821716308594,7621600,0.0,0.0,0.0,-0.0036400806676420983,-0.0036467218825458106,0.031232579581626462,0.04659087476731486
2018-01-10 00:00:00-05:00,90.89294269904936,91.34721696428443,90.78694556304153,91.24878692626953,6050500,0.0,0.0,0.0,0.0006642279569439857,0.0006640074551914756,0.026503145293730653,0.04657229709754108
2018-01-11 00:00:00-05:00,91.22607328038718,91.57435040656374,91.22607328038718,91.46835327148438,5192600,0.0,0.0,0.0,0.0024062385113376994,0.002403348155113412,0.034963867591532395,0.04734689588067308
2018-01-12 00:00:00-05:00,91.30937140074478,91.54408432947052,91.27151857614558,91.48351287841797,4463000,0.0,0.0,0.0,0.00016573608675996,0.00016572235405204862,0.035021487032758924,0.045589873999853196
2018-01-16 00:00:00-05:00,91.74848863316575,91.74848863316575,91.47592293070996,91.56678009033203,7410200,0.0,0.0,0.0,0.000910188178111726,0.0009097742080266803,0.03574938714441089,0.04519211065282218
2018-01-17 00:00:00-05:00,91.58191021933828,91.627335906062,91.22606026957635,91.3169174194336,11240700,0.0,0.0,0.0,-0.0027287480312395695,-0.0027324778508523483,0.029837337045626654,0.04566352695496949
2018-01-18 00:00:00-05:00,90.98377241170189,91.1654866956357,90.86263533215534,90.9610595703125,6399400,0.0,0.0,0.0,-0.003896954246567219,-0.0039045671573132937,0.04147307831625429,0.04648270759484834
2018-01-19 00:00:00-05:00,90.84751493530844,90.93837210262639,90.64309352935669,90.68094635009766,6797800,0.0,0.0,0.0,-0.003079485018512962,-0.0030842363895271824,0.03374837963009754,0.04428070807845841
2018-01-22 00:00:00-05:00,90.6809347555464,90.85507619320386,90.57493762876715,90.59765625,5096700,0.0,0.0,0.0,-0.0009184961499639765,-0.0009189182260226743,0.030655916675888663,0.043494323609455175
2018-01-23 00:00:00-05:00,90.83236782738157,90.99893639950834,90.78694213549626,90.99136352539062,6144000,0.0,0.0,0.0,0.00434566733497177,0.0043362521895501235,0.052626632499414606,0.04532653485880682
2018-01-24 00:00:00-05:00,90.80964903691132,90.94593188005645,90.72636475629984,90.9307861328125,5679000,0.0,0.0,0.0,-0.0006657488164931724,-0.000665970525643701,0.05100134265815549,0.0452314842970744
2018-01-25 00:00:00-05:00,90.87024335545392,91.39266204833984,90.85510337984519,91.39266204833984,7042100,0.0,0.0,0.0,0.005079422879427531,0.0050665661292355925,0.05663959881180073,0.048762259093834505
2018-01-26 00:00:00-05:00,91.32449819835792,91.32449819835792,91.1124981636722,91.27149963378906,6391300,0.0,0.0,0.0,-0.0013257346031423367,-0.0013266141667258506,0.049720707827005224,0.04421649235949877
2018-01-29 00:00:00-05:00,91.00650195908554,91.14278480884859,90.85507913775344,91.02922058105469,5732400,0.0,0.0,0.0,-0.0026544874764463655,-0.0026580168755417186,0.05576702557871327,0.04494457916148311
2018-01-30 00:00:00-05:00,90.85507862536164,90.91565006411703,90.6279386182341,90.71879577636719,6662600,0.0,0.0,0.0,-0.0034101665674605153,-0.0034159944385823353,0.053188310501969746,0.04556485278499372
2018-01-31 00:00:00-05:00,90.98381537539073,91.02167397985657,90.63553816467072,90.9081039428711,6751200,0.0,0.0,0.0,0.002086757930193084,0.002084583675100765,0.056448416089319074,0.04074982884542663
2018-02-01 00:00:00-05:00,91.03031160675971,91.06826589528985,90.44575880282378,90.5064926147461,12272400,0.321,0.0,0.0,-0.0044177725714902305,-0.004427559764435589,0.040005058103978156,0.04246562109202529
2018-02-02 00:00:00-05:00,90.33945074277408,90.33945074277408,89.93709949389995,90.04338073730469,8681500,0.0,0.0,0.0,-0.005116891220309561,-0.005130027338073523,0.045048047906347845,0.045375033786496065
2018-02-05 00:00:00-05:00,89.76248180146902,90.58996372843667,89.74730125054067,90.09651184082031,14486000,0.0,0.0,0.0,0.0005900611802951428,0.0005898871626475712,0.05078902741701606,0.045626563599017136
2018-02-06 00:00:00-05:00,90.02820579635045,90.20281402799985,89.87637708422461,89.91433715820312,10467500,0.0,0.0,0.0,-0.002021994846360453,-0.0020240418377426065,0.04938998864582875,0.04575008634019632
2018-02-07 00:00:00-05:00,90.1876372845639,90.22559156825213,89.64104463078318,89.663818359375,8862300,0.0,0.0,0.0,-0.0027861941348390484,-0.0027900827984449392,0.03555938310770955,0.045163837724232325
2018-02-08 00:00:00-05:00,89.53478820667739,89.65625005682573,89.24630545277019,89.27667236328125,10957000,0.0,0.0,0.0,-0.004317750494876926,-0.0043270988986329195,0.03526985132317024,0.04640997636217823
2018-02-09 00:00:00-05:00,89.16277689291448,89.17796324054056,88.97298809085046,88.98817443847656,8719000,0.0,0.0,0.0,-0.00323150401070893,-0.0032367365955814483,0.029261290659364846,0.04507588151034515
2018-02-12 00:00:00-05:00,89.0413150713787,89.2918376801579,88.97298809085046,88.98817443847656,7814800,0.0,0.0,0.0,0.0,0.0,0.025591516769815432,0.0450047867885552
2018-02-13 00:00:00-05:00,88.88946721917547,88.9805679155811,88.66172416600199,88.95779418945312,8730500,0.0,0.0,0.0,-0.00034139647447695154,-0.0003414547635201709,0.02987404872489462,0.04437567888399155
2018-02-14 00:00:00-05:00,88.67694853677372,88.82118992938219,88.5630798498687,88.63140106201172,11013300,0.0,0.0,0.0,-0.003669078470474263,-0.003675826048871651,0.031688244413057634,0.04486060317955722
2018-02-15 00:00:00-05:00,88.95778846960825,89.17035095566023,88.86668777906024,89.04888916015625,4953400,0.0,0.0,0.0,0.0047103858580823665,0.004699326705602043,0.053201660421834045,0.04894744138844768
2018-02-16 00:00:00-05:00,89.26148795794352,89.39813615340758,89.17038723033558,89.31462860107422,6319800,0.0,0.0,0.0,0.0029841971463566708,0.0029797532687952347,0.05141314525527917,0.050337424895017586
2018-02-20 00:00:00-05:00,89.08687207612275,89.13242533198746,88.91985698570763,88.93504333496094,8786200,0.0,0.0,0.0,-0.004249978665966436,-0.004259035495293478,0.0628348498692647,0.051848187715800076
2018-02-21 00:00:00-05:00,88.9729707680672,89.05647828806825,88.39601709228793,88.44915771484375,6387200,0.0,0.0,0.0,-0.005463376436296019,-0.005478355258880506,0.07360525732817974,0.05030207980992474
2018-02-22 00:00:00-05:00,88.69966500281564,88.87427319649046,88.54783632371019,88.57061004638672,7227100,0.0,0.0,0.0,0.0013731315784206721,0.0013721896953758227,0.07134972713159178,0.0512151089623276
2018-02-23 00:00:00-05:00,88.85912898573291,89.00336455230273,88.73006818462962,88.9805908203125,8005600,0.0,0.0,0.0,0.0046288579666671215,0.004618177749087565,0.07100284912492869,0.05048950934743586
2018-02-26 00:00:00-05:00,89.26904670694158,89.39051430478962,89.0716705482793,89.09444427490234,5072000,0.0,0.0,0.0,0.0012795313398150654,0.0012787134372039548,0.06719861908135978,0.05133342481299331
2018-02-27 00:00:00-05:00,89.20832822681047,89.21591560856587,88.59340858284936,88.70728302001953,7279500,0.0,0.0,0.0,-0.004345515122000432,-0.004354984315143257,0.0675382798649073,0.05230996695603561
2018-02-28 00:00:00-05:00,88.82875063758938,88.9426250747682,88.78319738758118,88.87429809570312,7963400,0.0,0.0,0.0,0.0018827662171312376,0.0018809960343623368,0.0518863422524712,0.05283064425746204
2018-03-01 00:00:00-05:00,88.73727695711943,88.92760228059183,88.59263366090262,88.782958984375,11679100,0.33,0.0,0.0,-0.0010277337012526422,-0.0010282621816554293,0.053468360608185946,0.051541472667215746
2018-03-02 00:00:00-05:00,88.58499480479908,88.68396185497323,88.4555750142022,88.50125122070312,5335000,0.0,0.0,0.0,-0.0031729936340763043,-0.003178038252231153,0.043031530216956146,0.050685686759455235
2018-03-05 00:00:00-05:00,88.69921791331633,88.75250877308149,88.38708158592897,88.4708251953125,10168400,0.0,0.0,0.0,-0.00034379203650747314,-0.00034385114653774944,0.038762956562958854,0.048470393022532435
2018-03-06 00:00:00-05:00,88.79814385874377,88.8285965942553,88.5316896833496,88.54691314697266,8363400,0.0,0.0,0.0,0.0008600343841280722,0.0008596647664645493,0.030615118991562922,0.04858803608811182
2018-03-07 00:00:00-05:00,88.69157366257078,88.71441176509262,88.48602493160793,88.51647186279297,4070400,0.0,0.0,0.0,-0.00034378707396787167,-0.000343846182291492,0.023618861416464885,0.04842181488576459
2018-03-08 00:00:00-05:00,88.68395945971308,88.84383198641471,88.5697631382787,88.69157409667969,6410000,0.0,0.0,0.0,0.001978188129302616,0.001976234091710109,0.03048165789101092,0.04875422976706016
2018-03-09 00:00:00-05:00,88.55453446856738,88.59260184289714,88.34137111215873,88.37943267822266,7773800,0.0,0.0,0.0,-0.0035194032988610235,-0.003525610967791052,0.03263048319167875,0.048010559362285786
2018-03-12 00:00:00-04:00,88.4555831415297,88.52409745757622,88.38706301721629,88.49364471435547,8555600,0.0,0.0,0.0,0.0012922920262301574,0.0012914577355770496,0.03442701229629318,0.047277465130740014
2018-03-13 00:00:00-04:00,88.57738016762681,88.61544754522183,88.3946695333567,88.50125122070312,8625900,0.0,0.0,0.0,8.59553968219906e-05,8.59517028685445e-05,0.03371573598067022,0.04728506549123705
2018-03-14 00:00:00-04:00,88.51644895481797,88.84380855886522,88.50884012812395,88.69916534423828,5765700,0.0,0.0,0.0,0.00223628616324989,0.002233789396977641,0.03732879708189438,0.04811155253990444
2018-03-15 00:00:00-04:00,88.67636732666058,88.85146335199568,88.64591458132682,88.79055786132812,5268200,0.0,0.0,0.0,0.0010303650179248613,0.0010298345562379536,0.03538349687812867,0.04640267505512232
2018-03-16 00:00:00-04:00,88.62306451242145,88.94280958286727,88.5849971338256,88.88951873779297,10754700,0.0,0.0,0.0,0.0011145427942844677,0.001113922152576012,0.012162420454442872,0.043310206140011916
2018-03-19 00:00:00-04:00,88.69155736085763,88.76768629135985,88.5849756965015,88.59259033203125,8095300,0.0,0.0,0.0,-0.0033404208952644288,-0.003346012556951406,0.03387704240290865,0.04318213741620583
2018-03-20 00:00:00-04:00,88.33376264458163,88.45557360433108,88.25001906182045,88.28047180175781,6445000,0.0,0.0,0.0,-0.003523077145658138,-0.003529297796798765,0.04321464939744422,0.04239295605313862
2018-03-21 00:00:00-04:00,88.12822105373287,88.4860335166672,87.94550459929827,88.22718811035156,7312600,0.0,0.0,0.0,-0.0006035727983636496,-0.0006037550217521881,0.03600186347109581,0.03791592292875226
2018-03-22 00:00:00-04:00,88.45556742688217,88.53169636727586,88.30330373782897,88.37943267822266,10966600,0.0,0.0,0.0,0.0017255969631568835,0.0017241098312649875,0.0387814070632097,0.038120466981892386
2018-03-23 00:00:00-04:00,88.2880653963869,88.33374159127344,88.0901255381038,88.09774017333984,6120800,0.0,0.0,0.0,-0.0031873083628904952,-0.0031923986492765925,0.036482690816657434,0.03523327740921889
2018-03-26 00:00:00-04:00,88.35661362938713,88.46319533057381,88.31093741695487,88.40990447998047,5834800,0.0,0.0,0.0,0.0035433860848916865,0.0035371230828807575,0.04869115031259078,0.03758442740222129
2018-03-27 00:00:00-04:00,88.35658786296695,88.7829203516543,88.35658786296695,88.72962951660156,5000200,0.0,0.0,0.0,0.003616393870140344,0.0036098704406247344,0.04624363741613248,0.03707324608147774
2018-03-28 00:00:00-04:00,88.9047393559303,89.057003057169,88.8133869434534,88.96564483642578,4771600,0.0,0.0,0.0,0.0026599380737868383,0.0026564066992808685,0.04481177359325285,0.03769001245839858
2018-03-29 00:00:00-04:00,89.15596201209667,89.43003084117666,89.03415106216522,89.36912536621094,5930800,0.0,0.0,0.0,0.004535239760550258,0.004524986549532966,0.04924502601508213,0.04063043590546661
2018-04-02 00:00:00-04:00,89.25232572397292,89.38211812559086,89.11489676196895,89.32103729248047,4393500,0.337,0.0,0.0,-0.0005380837457390486,-0.0005382285647499302,0.031133763224864976,0.03864347115970068
2018-04-03 00:00:00-04:00,89.28288330740396,89.28288330740396,89.0461964898394,89.0843734741211,3773500,0.0,0.0,0.0,-0.0026495865423553644,-0.0026531029094307183,0.04789200064578896,0.04012122088009102
2018-04-04 00:00:00-04:00,89.1225504584028,89.22180246254923,89.05383305169374,89.0843734741211,5259600,0.0,0.0,0.0,0.0,0.0,0.0447181603050875,0.04009196373264844
2018-04-05 00:00:00-04:00,89.03092161275623,89.1378101696586,88.94693691447732,89.11490631103516,5171000,0.0,0.0,0.0,0.0003427406594820326,0.00034268193731946684,0.04156597046630313,0.04001846212340709
2018-04-06 00:00:00-04:00,89.27518395790486,89.38207244873047,89.18356275506038,89.38207244873047,4772500,0.0,0.0,0.0,0.002997996056493868,0.0029935110281454143,0.032153823139610384,0.040729571310304954
2018-04-09 00:00:00-04:00,89.21417085417568,89.4661249844483,89.21417085417568,89.42794799804688,3611300,0.0,0.0,0.0,0.0005132522446569254,0.000513120575774576,0.03184715819246704,0.03801980089710698
2018-04-10 00:00:00-04:00,89.48898443592509,89.66459033123789,89.33628821607802,89.45081329345703,5201300,0.0,0.0,0.0,0.0002556839994880544,0.0002556513179049106,0.019533340554343907,0.037944760824727336
2018-04-11 00:00:00-04:00,89.60351545905453,89.63405587004797,89.41264225908637,89.51189422607422,2483800,0.0,0.0,0.0,0.0006828437927870468,0.0006826107610411927,0.018284797401753802,0.037909007010924055
2018-04-12 00:00:00-04:00,89.42031075207868,89.48138577088902,89.25234134412301,89.26760864257812,2588100,0.0,0.0,0.0,-0.002729085174749124,-0.002732815916915997,0.032376611047555695,0.0390941632171152
2018-04-13 00:00:00-04:00,89.20648211374089,89.37445143567496,89.20648211374089,89.29810333251953,4427800,0.0,0.0,0.0,0.00034160980007325037,0.0003415514647304024,0.022707449795742785,0.039005065807057794
2018-04-16 00:00:00-04:00,89.13775580354475,89.32099238576369,89.10721540234394,89.30572509765625,2323600,0.0,0.0,0.0,8.535192632641575e-05,8.534828405800021e-05,0.022070218484962396,0.03888667828636649
2018-04-17 00:00:00-04:00,89.31341552734375,89.4432079419975,89.25997124925165,89.31341552734375,6702900,0.0,0.0,0.0,8.611351264531386e-05,8.610980508962937e-05,0.02184614278409223,0.03653763578027916
2018-04-18 00:00:00-04:00,89.28286088493611,89.2904916198841,88.84003360843585,88.85530090332031,6888000,0.0,0.0,0.0,-0.005129292406057195,-0.005142492383392944,0.03814695018180969,0.039178916316944215
2018-04-19 00:00:00-04:00,88.59571915973774,88.61862301534573,88.38194207407817,88.51937103271484,4058600,0.0,0.0,0.0,-0.003780639615085901,-0.003787804296789213,0.04096179327571754,0.0417208875679922
2018-04-20 00:00:00-04:00,88.40483994586695,88.43538035960668,88.15288590125549,88.1605224609375,4679700,0.0,0.0,0.0,-0.004053898797413691,-0.004062138120269725,0.039145028446595405,0.04384979803116187
2018-04-23 00:00:00-04:00,88.13761045926073,88.16051431120117,87.99254496365428,88.1223373413086,4380000,0.0,0.0,0.0,-0.00043313173020076423,-0.0004332255588430372,0.03705622431465276,0.0423593776576599
2018-04-24 00:00:00-04:00,88.0383854863506,88.13764331507737,87.79406793293002,87.86278533935547,5984700,0.0,0.0,0.0,-0.002945359936923242,-0.0029497060455029008,0.028046058890956706,0.04144771868316419
2018-04-25 00:00:00-04:00,87.66428455250347,87.6795518527345,87.45814396193647,87.58793640136719,3756100,0.0,0.0,0.0,-0.0031281609947456657,-0.0031330639177750896,0.022786304389349005,0.03986390111057696
2018-04-26 00:00:00-04:00,87.81694036255529,87.93910200803727,87.74059224662298,87.84748077392578,6027200,0.0,0.0,0.0,0.002963243378280467,0.0029588616266179248,0.04512329086213061,0.04021037692567921
2018-04-27 00:00:00-04:00,87.99256097644077,88.08418222586342,87.96965712033231,88.04600524902344,3369800,0.0,0.0,0.0,0.002259876701627306,0.0022573270208609305,0.045044529585289775,0.037018921393929524
2018-04-30 00:00:00-04:00,88.08416008651163,88.1528716375668,87.93145804252117,87.96963500976562,6388500,0.0,0.0,0.0,-0.0008673901676948814,-0.0008677665682195379,0.04525668435260208,0.03701320792271826
2018-05-01 00:00:00-04:00,87.92291846279886,87.95354632292484,87.6625845725615,87.73149871826172,6051500,0.329,0.0,0.0,-0.0027070282999067663,-0.0027106989268388514,0.044417324861977366,0.037052655228297385
2018-05-02 00:00:00-04:00,87.84634190826914,87.86165291578618,87.6625747680664,87.6625747680664,3608100,0.0,0.0,0.0,-0.0007856237634404906,-0.0007859325275148529,0.03759649047432581,0.03694307360864598
2018-05-03 00:00:00-04:00,87.87699749196155,87.91528378787892,87.64729724146311,87.67792510986328,4122600,0.0,0.0,0.0,0.00017510712909696302,0.0001750917996331389,0.028721573690755405,0.036878943389462154
2018-05-04 00:00:00-04:00,87.94591885363572,87.94591885363572,87.6473044143816,87.8004379272461,3733800,0.0,0.0,0.0,0.0013973051623803467,0.0013963298399649222,0.0239785488383804,0.03508068252060206
2018-05-07 00:00:00-04:00,87.83105363948515,87.86168150615197,87.67026172073552,87.70088958740234,3870900,0.0,0.0,0.0,-0.0011338023157269062,-0.0011344455558231867,0.024268281057731763,0.03469191006895955
2018-05-08 00:00:00-04:00,87.61670601302981,87.70093122593485,87.48654189914787,87.67030334472656,5069300,0.0,0.0,0.0,-0.00034875635606068656,-0.00034881718570219344,0.015696204909006306,0.03447379894444379
2018-05-09 00:00:00-04:00,87.53246438924899,87.76982312202364,87.50183651378292,87.65497589111328,3906600,0.0,0.0,0.0,-0.00017483062141365746,-0.00017484590606825913,0.0146772347404997,0.03404948553646075
2018-05-10 00:00:00-04:00,87.93059444512025,88.10670322729086,87.83871668196042,88.09904479980469,5103000,0.0,0.0,0.0,0.005066100403051221,0.00505331089351042,0.03923603956325016,0.03970971154064827
2018-05-11 00:00:00-04:00,88.22921256660149,88.26749301976943,88.11435952376081,88.25218200683594,4254000,0.0,0.0,0.0,0.0017382391305063027,0.0017367301412719168,0.039548186048536826,0.040476965218389255
2018-05-14 00:00:00-04:00,88.15266531628203,88.25985996263469,88.09141540527344,88.09141540527344,4808300,0.0,0.0,0.0,-0.0018216728233422241,-0.0018233340871058126,0.042135425745148364,0.04062333195302621
2018-05-15 00:00:00-04:00,87.67794567287615,87.86936551401931,87.28744756127654,87.4252700805664,5970000,0.0,0.0,0.0,-0.007561977766418648,-0.007590714482891819,0.07433201425490818,0.0472398715138121
2018-05-16 00:00:00-04:00,87.47121678460667,87.55544198956487,87.27979692636903,87.3104248046875,4210800,0.0,0.0,0.0,-0.0013136393604854524,-0.0013145029410419496,0.07440873261733977,0.0447609203619695
2018-05-17 00:00:00-04:00,87.28744108184696,87.33337997097684,87.07305181034815,87.14196014404297,3272300,0.0,0.0,0.0,-0.0019294907912931203,-0.001931354656576463,0.053398308852152805,0.043634048053579844
2018-05-18 00:00:00-04:00,87.27979096269802,87.54012498978172,87.25682151594624,87.50183868408203,4154700,0.0,0.0,0.0,0.00412979624791765,0.004121292045102776,0.06572412944258207,0.045134605943572326
2018-05-21 00:00:00-04:00,87.40226356239684,87.5553970336914,87.36397727373945,87.5553970336914,2593300,0.0,0.0,0.0,0.0006120825620903325,0.0006118953159617558,0.0676808127903016,0.04526783435024835
2018-05-22 00:00:00-04:00,87.48652382806814,87.58606004018176,87.3869817742847,87.46355438232422,3230000,0.0,0.0,0.0,-0.0010489661914484527,-0.0010495167415231373,0.03883444100267913,0.044298565628006166
2018-05-23 00:00:00-04:00,87.60138636329522,87.90000087356952,87.5401306069132,87.8387451171875,5771100,0.0,0.0,0.0,0.00428968085636261,0.004280506403064715,0.04582104466901652,0.04565325875016245
2018-05-24 00:00:00-04:00,88.0378089748478,88.11437573694052,87.96889479979572,88.08374786376953,4436900,0.0,0.0,0.0,0.0027892332279471077,0.0027853505350954534,0.03680774828107027,0.04551485253767276
2018-05-25 00:00:00-04:00,88.34406280517578,88.37469067376422,88.22921560005491,88.34406280517578,3997600,0.0,0.0,0.0,0.0029553118222087615,0.002950953472968133,0.033645186358877734,0.04600907072759073
2018-05-29 00:00:00-04:00,88.3823254586003,88.97955413214156,88.25216143317046,88.81110382080078,6831700,0.0,0.0,0.0,0.00528661463821245,0.005272689547212085,0.038252620728904126,0.049236014193130694
2018-05-30 00:00:00-04:00,88.52018820101844,88.68098016003083,88.25985418999622,88.46659088134766,5083900,0.0,0.0,0.0,-0.003879165156513209,-0.0038867086322471726,0.05708694704844614,0.05040446563012938
2018-05-31 00:00:00-04:00,88.55846122763161,88.64268056734262,88.32875512538315,88.42829132080078,6303300,0.0,0.0,0.0,-0.0004329268276906939,-0.00043302056756574185,0.05649861909321087,0.050307838201225925
2018-06-01 00:00:00-04:00,88.22782155152017,88.43519697656063,88.18173356604605,88.258544921875,4479700,0.359,0.0,0.0,-0.0019195937905208682,-0.0019214385718797707,0.05875398398363329,0.0509986981105351
2018-06-04 00:00:00-04:00,88.25086218889882,88.30462662178968,88.05884552001953,88.05884552001953,3714900,0.0,0.0,0.0,-0.0022626636551988932,-0.0022652273465180116,0.05608568147059904,0.051638282835312146
2018-06-05 00:00:00-04:00,88.27392658350912,88.28928534273017,88.0895921734305,88.12031555175781,3901500,0.0,0.0,0.0,0.0006980562983227578,0.0006978127703491775,0.027916892071124137,0.051442345288109086
2018-06-06 00:00:00-04:00,87.87447214899694,87.9205542539082,87.6824555653586,87.79766082763672,4754900,0.0,0.0,0.0,-0.0036615248379539,-0.0036682446281573666,0.02679780066569999,0.0532601531161556
2018-06-07 00:00:00-04:00,87.75162547875797,88.37375766607025,87.75162547875797,88.0895767211914,7185200,0.0,0.0,0.0,0.003324870968120397,0.00331935580606338,0.04407393101906118,0.054474787468347496
2018-06-08 00:00:00-04:00,88.0204548006196,88.05886048487567,87.88988484996452,87.94364929199219,2935600,0.0,0.0,0.0,-0.00165657997950297,-0.0016579536253629784,0.043677310680111006,0.05175545802098428
2018-06-11 00:00:00-04:00,87.79002293044641,87.86682842564947,87.73625849781591,87.85914611816406,2905100,0.0,0.0,0.0,-0.0009608786365864486,-0.0009613405763993446,0.041697712747365626,0.051381023020562494
2018-06-12 00:00:00-04:00,87.7515948868919,87.9436115059004,87.72855383019203,87.86680603027344,3396500,0.0,0.0,0.0,8.718400357632383e-05,8.718020327196626e-05,0.04085398076762312,0.05103653001836785
2018-06-13 00:00:00-04:00,87.89758273429506,88.00511163740457,87.54427264409442,87.7823715209961,4906500,0.0,0.0,0.0,-0.000960937504070114,-0.0009613995005036573,0.031397613602643565,0.04302481172801224
2018-06-14 00:00:00-04:00,88.08190086207775,88.18942974529146,87.93596629490855,88.18174743652344,4915800,0.0,0.0,0.0,0.004549614103690702,0.004539295893524128,0.0397445596897069,0.0452519378235972
2018-06-15 00:00:00-04:00,88.31230892931228,88.37374980984204,88.01275753476759,88.05884552001953,5887100,0.0,0.0,0.0,-0.0013937341919014745,-0.0013947063427852521,0.03900305045566951,0.044909025203689244
2018-06-18 00:00:00-04:00,88.05119315409308,88.066557774363,87.88221749043815,87.96670532226562,4723200,0.0,0.0,0.0,-0.001046348009785758,-0.0010468958140271397,0.03917651970002844,0.043124990073462745
2018-06-19 00:00:00-04:00,87.9897152852829,88.06652663970554,87.92059209816286,88.01275634765625,4278700,0.0,0.0,0.0,0.0005235051741669938,0.0005233681931380706,0.03918673215237558,0.04311677465445306
2018-06-20 00:00:00-04:00,88.02811359795125,88.02811359795125,87.48278701449814,87.52118682861328,7731500,0.0,0.0,0.0,-0.005585207638552303,-0.005600863231104641,0.05803531382636955,0.0477108586832015
2018-06-21 00:00:00-04:00,87.482826042061,87.62875477661278,87.45210266113281,87.45210266113281,15921600,0.0,0.0,0.0,-0.0007893422151112883,-0.0007896539097108308,0.03670106341408173,0.04503818163413381
2018-06-22 00:00:00-04:00,87.40602030328132,87.62875455965926,87.36761461224472,87.55963134765625,6728500,0.0,0.0,0.0,0.0012295723401882785,0.0012288170351897592,0.04220463992914907,0.04398551050151466
2018-06-25 00:00:00-04:00,87.59030880907433,87.64407323240799,87.45973890381866,87.47509765625,3243900,0.0,0.0,0.0,-0.0009654413809785378,-0.0009659077196812052,0.0422190791593468,0.042313164131061384
2018-06-26 00:00:00-04:00,87.54426405634223,87.78236290988733,87.47513499118985,87.76699829101562,10345300,0.0,0.0,0.0,0.0033369569464523074,0.003331401660690133,0.0525649962416991,0.039236582440344
2018-06-27 00:00:00-04:00,88.01279615091855,88.06656646728516,87.92831417063768,88.06656646728516,9776300,0.0,0.0,0.0,0.003413221166300273,0.0034074093478616415,0.03377047775536183,0.03966061521957183
2018-06-28 00:00:00-04:00,87.99741422574218,87.99741422574218,87.76699183868764,87.95133209228516,6241300,0.0,0.0,0.0,-0.0013084917423550335,-0.0013093485651868967,0.03587618228024011,0.039843258251121526
2018-06-29 00:00:00-04:00,88.05116280910939,88.20477379955561,87.95131625130772,87.99739837646484,7855600,0.0,0.0,0.0,0.0005237701702045516,0.0005236330504863431,0.03611572035493326,0.03944137972656803
2018-07-02 00:00:00-04:00,88.13991944752975,88.13991944752975,87.94732282873268,88.00894927978516,4806200,0.345,0.0,0.0,0.00013126414568409572,0.00013125553129995625,0.03306614250368293,0.03864414006981023
2018-07-03 00:00:00-04:00,88.06291758281822,88.38648452178651,88.06291758281822,88.33255767822266,2518100,0.0,0.0,0.0,0.0036769942271295264,0.003670250609629363,0.03449530080712724,0.0407720531388575
2018-07-05 00:00:00-04:00,88.41727424594103,88.61757642295612,88.40186909890161,88.60987091064453,4730600,0.0,0.0,0.0,0.0031394226512955203,0.0031345049538028477,0.03347184628780163,0.03952627721713943
2018-07-06 00:00:00-04:00,88.77933745847417,88.81015362338289,88.66377830946212,88.73311614990234,2465600,0.0,0.0,0.0,0.0013908748313389285,0.001389908460903797,0.02496666331758869,0.03824473725065672
2018-07-09 00:00:00-04:00,88.66376861359589,88.82555493107006,88.6175473100786,88.79473876953125,5161600,0.0,0.0,0.0,0.0006944714927490381,0.0006942304590095023,0.024452923940356638,0.037498266214405676
2018-07-10 00:00:00-04:00,88.77936123189356,88.87951526406185,88.67921307730933,88.69461822509766,6624000,0.0,0.0,0.0,-0.0011275504136958325,-0.001128186576912571,0.03071704722108596,0.037588023373920476
2018-07-11 00:00:00-04:00,88.80248067661407,88.89492920524107,88.68692736281109,88.87181854248047,4071400,0.0,0.0,0.0,0.0019978700052927234,0.0019958769171928258,0.02523201915791469,0.037936164238463514
2018-07-12 00:00:00-04:00,88.90261923051409,89.06439971923828,88.84098688883337,89.06439971923828,3324800,0.0,0.0,0.0,0.0021669543834725857,0.0021646099241026686,0.02118982431253456,0.03788504594762244
2018-07-13 00:00:00-04:00,89.14146405934896,89.21850157086384,89.07983169910293,89.13375854492188,4273800,0.0,0.0,0.0,0.0007787491512010192,0.0007784460834130861,0.020967536427467487,0.03510225239708406
2018-07-16 00:00:00-04:00,88.97968309644959,89.07983127318153,88.81790255976628,88.98738861083984,2653700,0.0,0.0,0.0,-0.0016421380234770133,-0.00164348781001401,0.02785564316527061,0.03529423920013978
2018-07-17 00:00:00-04:00,88.9950521835041,89.04127937352729,88.88719853608825,88.92572021484375,6157000,0.0,0.0,0.0,-0.0006930015248091115,-0.000693241761361749,0.026455843628725093,0.03510712087419625
2018-07-18 00:00:00-04:00,89.01047224299556,89.01047224299556,88.86409690196318,88.91032409667969,3527600,0.0,0.0,0.0,-0.00017313459060963599,-0.0001731495801330304,0.02310097720654648,0.03519964545799422
2018-07-19 00:00:00-04:00,88.90262649520687,89.16455515237809,88.87951583458401,89.04899597167969,5098600,0.0,0.0,0.0,0.0015596824824213318,0.0015584674409202387,0.019827467460231247,0.02696419280343411
2018-07-20 00:00:00-04:00,88.8564032129519,88.894924900744,88.68692306838595,88.78707122802734,5139900,0.0,0.0,0.0,-0.00294135538300333,-0.0029456896699532444,0.026639731637797117,0.029664365683406788
2018-07-23 00:00:00-04:00,88.63301097040883,88.68693781573441,88.3787818949088,88.43270874023438,4716300,0.0,0.0,0.0,-0.003991149644781977,-0.003999135538204908,0.03526389104355065,0.0340336842526941
2018-07-24 00:00:00-04:00,88.44807224733721,88.72541185774188,88.44807224733721,88.71000671386719,4446700,0.0,0.0,0.0,0.00313569467206265,0.003130788634739041,0.047434068173931074,0.03479894834391992
2018-07-25 00:00:00-04:00,88.90259899421108,88.90259899421108,88.74851817508166,88.8255615234375,7376300,0.0,0.0,0.0,0.0013026130179769613,0.0013017653536788417,0.04916497735096873,0.03348132672378819
2018-07-26 00:00:00-04:00,88.91802373114614,89.01817775504558,88.81017007278024,88.91032409667969,5860900,0.0,0.0,0.0,0.0009542587942978908,0.0009538037788199837,0.04798367488114322,0.03184022427668169
2018-07-27 00:00:00-04:00,89.17226953365358,89.17226953365358,88.94885666277314,89.02589416503906,5497600,0.0,0.0,0.0,0.0012998498153453664,0.0012990057419407365,0.042447249900149295,0.03123878725352105
2018-07-30 00:00:00-04:00,88.84098606709249,88.97195038376495,88.83328055505775,88.90261840820312,6467600,0.0,0.0,0.0,-0.0013847179856166791,-0.0013856775935263761,0.02561251459626703,0.03203248981238118
2018-07-31 00:00:00-04:00,89.14144047384528,89.25699964933501,89.08751364229457,89.17996215820312,6081600,0.0,0.0,0.0,0.003119635337696769,0.003114779371983691,0.025530705024823498,0.0332908478185523
2018-08-01 00:00:00-04:00,88.78046843016122,88.97363741895833,88.74183227438192,88.86546325683594,7255900,0.343,0.0,0.0,-0.0035265646425065578,-0.0035327976299321428,0.04097012737071852,0.03444159063386112
2018-08-02 00:00:00-04:00,88.89636639999144,88.98908373698195,88.76500701417254,88.9736328125,6751500,0.0,0.0,0.0,0.001217228287567984,0.0012164880658342876,0.04135928616962419,0.03298717356968593
2018-08-03 00:00:00-04:00,89.08184895940573,89.28274644266429,88.98140316530255,89.25183868408203,2711200,0.0,0.0,0.0,0.0031268350272750656,0.00312195664524964,0.04631032499802425,0.03436050412332846
2018-08-06 00:00:00-04:00,89.3136372724041,89.4449967039136,89.3136372724041,89.33682250976562,3059800,0.0,0.0,0.0,0.0009521801112064576,0.0009517270752827591,0.04314910051557463,0.03441250755144799
2018-08-07 00:00:00-04:00,89.31359517847322,89.31359517847322,89.01225208036384,89.0586166381836,5397700,0.0,0.0,0.0,-0.0031141231998890184,-0.0031189821717880063,0.04623973583023869,0.03618730026833451
2018-08-08 00:00:00-04:00,88.98913185137567,89.03549643998862,88.91959381103516,88.91959381103516,7433200,0.0,0.0,0.0,-0.001561026124100251,-0.0015622457948374893,0.039064518483419734,0.036056460749623404
2018-08-09 00:00:00-04:00,89.05089782347952,89.13589264441606,88.92726684937205,88.98908233642578,7273500,0.0,0.0,0.0,0.0007814759651094683,0.000781170771757942,0.03841347553354001,0.035294380018032055
2018-08-10 00:00:00-04:00,88.93502783398442,89.24409948740998,88.8809407367638,89.13592529296875,4765900,0.0,0.0,0.0,0.0016501232812786704,0.001648763323716508,0.03178996250238708,0.03569571480955379
2018-08-13 00:00:00-04:00,89.05863722011692,89.15135456708656,89.02772947277703,89.11272430419922,3145700,0.0,0.0,0.0,-0.0002602877424929817,-0.00026032162322671507,0.029996190409549536,0.03518405936769055
2018-08-14 00:00:00-04:00,89.23634495168605,89.26725269748576,89.1745353551364,89.22862243652344,7052500,0.0,0.0,0.0,0.0013005789378470745,0.0012997339176579084,0.0206968958919826,0.03531999922170757
2018-08-15 00:00:00-04:00,89.35996016936632,89.44495498155767,89.28269376602383,89.41404724121094,5208100,0.0,0.0,0.0,0.002078086600736384,0.0020759303654886174,0.014310984830810532,0.03592666921423123
2018-08-16 00:00:00-04:00,89.49133973065551,89.54542681826614,89.39861648258712,89.52997589111328,5997900,0.0,0.0,0.0,0.0012965373280733328,0.0012956975493430643,0.014030489862636449,0.03581480252486644
2018-08-17 00:00:00-04:00,89.5995179874721,89.68451282831069,89.5454308973976,89.60724639892578,3871900,0.0,0.0,0.0,0.0008630685649515524,0.0008626963354353148,0.01359142793923211,0.03377581201978034
2018-08-20 00:00:00-04:00,89.82356122390793,89.91628444158232,89.76947415402665,89.8390121459961,2686800,0.0,0.0,0.0,0.0025864621041751246,0.002583122967527926,0.011007838344299579,0.03014891217866598
2018-08-21 00:00:00-04:00,89.80043087582581,89.80043087582581,89.59953340880726,89.614990234375,5480400,0.0,0.0,0.0,-0.0024935927752304243,-0.002496706955770706,0.03165101631715721,0.030953212289183844
2018-08-22 00:00:00-04:00,89.80041541991336,89.81586634777007,89.5917895760184,89.60724639892578,6877700,0.0,0.0,0.0,-8.641227800132434e-05,-8.641601175731548e-05,0.030122677496895487,0.03087371563195289
2018-08-23 00:00:00-04:00,89.73859120572041,89.76949895348369,89.58405836195412,89.63814544677734,5693800,0.0,0.0,0.0,0.0003448275568473935,0.0003447681174892394,0.029146176700477713,0.03081480522484549
2018-08-24 00:00:00-04:00,89.54541390514493,89.85448545908537,89.51450616024592,89.81584930419922,5152500,0.0,0.0,0.0,0.0019824579874578863,0.0019804955108787448,0.03162478587572503,0.031169612237533055
2018-08-27 00:00:00-04:00,89.64589583149532,89.75407592982283,89.63817331344131,89.67680358886719,3762200,0.0,0.0,0.0,-0.0015481200301418196,-0.001549319606173992,0.027521320661285258,0.03130185422511582
2018-08-28 00:00:00-04:00,89.5299915557515,89.6149864075894,89.32136568485794,89.33682250976562,4026900,0.0,0.0,0.0,-0.0037911819500195953,-0.0037983866957413035,0.034512177633349045,0.033007831922720686
2018-08-29 00:00:00-04:00,89.42177473306928,89.43722565555986,89.17451870787961,89.24405670166016,10473500,0.0,0.0,0.0,-0.001038382667967963,-0.0010389221607495019,0.03424616848843995,0.030476669441795536
2018-08-30 00:00:00-04:00,89.4295244386682,89.48361152640385,89.25953476434175,89.3290786743164,5682300,0.0,0.0,0.0,0.0009526905857772938,0.0009522370641221972,0.03577538177019472,0.030375510359177266
2018-08-31 00:00:00-04:00,89.4836327104019,89.50681205419737,89.19001786390638,89.19774627685547,4425800,0.0,0.0,0.0,-0.0014702087988588408,-0.0014712906162766305,0.02680905896838524,0.028847433520853637
2018-09-04 00:00:00-04:00,89.01792673075947,89.11867621638082,88.87842425912002,89.0334243774414,6468700,0.348,0.0,0.0,-0.0018422203057018027,-0.001843919280440326,0.027006490054680376,0.02928912235644259
2018-09-05 00:00:00-04:00,89.00244407303397,89.03344528655384,88.95594520919259,88.97919464111328,6103200,0.0,0.0,0.0,-0.0006090941318647181,-0.0006092797050536404,0.017208633243338694,0.027224677307577338
2018-09-06 00:00:00-04:00,89.11867921190994,89.28918289551986,89.08767800462853,89.22718048095703,6918100,0.0,0.0,0.0,0.0027870092648507594,0.002783132755437688,0.030322713207796982,0.028360720041108144
2018-09-07 00:00:00-04:00,88.94040776564175,88.94040776564175,88.83965238856236,88.85515594482422,4529100,0.0,0.0,0.0,-0.004169408179520051,-0.004178124397888564,0.040042916992664455,0.03214682360659448
2018-09-10 00:00:00-04:00,88.92494199180094,89.14969635009766,88.92494199180094,89.14969635009766,5512700,0.0,0.0,0.0,0.003314837525650649,0.0033093555629431413,0.05010567681547309,0.03382961517123996
2018-09-11 00:00:00-04:00,88.97142886254277,89.04117714269668,88.90942644937779,88.94817352294922,5976900,0.0,0.0,0.0,-0.00226049931069916,-0.0022630580960816588,0.05109812365847709,0.034773384627146034
2018-09-12 00:00:00-04:00,89.10313913363396,89.21939212736046,89.0953873572861,89.12638854980469,5543100,0.0,0.0,0.0,0.0020035827583293475,0.0020015782633957054,0.05306827988205795,0.0352327890909698
2018-09-13 00:00:00-04:00,89.3202288957431,89.38223134139936,89.22722522725873,89.3124771118164,5584100,0.0,0.0,0.0,0.0020879176755572715,0.0020857410047270737,0.05123374776589891,0.035240699626856505
2018-09-14 00:00:00-04:00,89.13417780858329,89.25043085119616,89.08767304381291,89.20392608642578,7003500,0.0,0.0,0.0,-0.001215407173789651,-0.001216146380107179,0.03794912694089146,0.03509115186899738
2018-09-17 00:00:00-04:00,89.05669862451057,89.21169877574022,89.04119506166155,89.14969635009766,2667100,0.0,0.0,0.0,-0.0006079299276086081,-0.0006081147919338834,0.03107755011011861,0.03489913038686425
2018-09-18 00:00:00-04:00,88.97916109681802,88.97916109681802,88.75440681818681,88.78540802001953,5160900,0.0,0.0,0.0,-0.004086254300267433,-0.004094625850675965,0.0406716855620176,0.03572480712326059
2018-09-19 00:00:00-04:00,88.76214961546331,88.7699013933558,88.52964949455546,88.65364837646484,5220700,0.0,0.0,0.0,-0.0014840236306058463,-0.0014851258843226222,0.035028306715678595,0.035185970428745945
2018-09-20 00:00:00-04:00,88.66915930815101,88.9791594951487,88.6536557510764,88.88616180419922,6152400,0.0,0.0,0.0,0.002622716966447003,0.0026192836460788116,0.038126047450894894,0.03691739943086242
2018-09-21 00:00:00-04:00,88.81639003729642,88.96364423597589,88.81639003729642,88.90164184570312,9404300,0.0,0.0,0.0,0.00017415580996749114,0.000174140646604918,0.03879658621467072,0.0368765956965788
2018-09-24 00:00:00-04:00,88.72342776460239,88.8164254742434,88.63817592218098,88.7001724243164,10749400,0.0,0.0,0.0,-0.0022662058563146514,-0.0022687775869215344,0.04036694769110228,0.03630026494149836
2018-09-25 00:00:00-04:00,88.6071747146754,88.71567598450706,88.5296746523493,88.7001724243164,4087100,0.0,0.0,0.0,0.0,0.0,0.029767572061428754,0.03619237141196906
2018-09-26 00:00:00-04:00,88.85519240564976,89.07219497936674,88.7621887685382,89.0179443359375,7433600,0.0,0.0,0.0,0.0035825399538229608,0.003576137943312076,0.03679973367232023,0.036878258944351386
2018-09-27 00:00:00-04:00,89.01016572012905,89.15741995627612,88.94816331408029,89.13417053222656,6323400,0.0,0.0,0.0,0.001305649070601378,0.001304797452049646,0.0338071606963355,0.037089456922995624
2018-09-28 00:00:00-04:00,89.23493360768698,89.23493360768698,89.04893227406716,89.07218170166016,12578500,0.0,0.0,0.0,-0.0006954552916829115,-0.0006956972328936433,0.03497471228217874,0.036954344669514416
2018-10-01 00:00:00-04:00,89.0115337083619,89.12036829692819,88.9493408203125,88.9493408203125,7550600,0.352,0.0,0.0,-0.001379116116848933,-0.001380067972727983,0.031088960726931632,0.036912292095326385
2018-10-02 00:00:00-04:00,89.0581731644324,89.20587978706713,89.0270767211914,89.0270767211914,11207800,0.0,0.0,0.0,0.0008739345357930972,0.0008735528773534788,0.03070915724511693,0.03650483933168503
2018-10-03 00:00:00-04:00,88.94159286568167,89.03487628948331,88.3585477427546,88.5062484741211,8400500,0.0,0.0,0.0,-0.005850222946232497,-0.005867402536214648,0.045233796383166235,0.04199110428868685
2018-10-04 00:00:00-04:00,88.28076963587921,88.35851370048337,88.02423438821944,88.14083862304688,9843800,0.0,0.0,0.0,-0.004128633371925816,-0.0041371797099276275,0.04305467487203452,0.04250092103785837
2018-10-05 00:00:00-04:00,87.96205712559771,88.04757086701274,87.65887419914094,87.7988052368164,8785800,0.0,0.0,0.0,-0.0038805324702348987,-0.0038880812716020345,0.041794598302131156,0.04219118615084778
2018-10-08 00:00:00-04:00,87.84542110883464,87.85319670059707,87.68994485981857,87.70549011230469,1355200,0.0,0.0,0.0,-0.0010628290927197082,-0.001063394296071741,0.042560091858824894,0.03959296440585289
2018-10-09 00:00:00-04:00,87.8454272117051,87.97758262565385,87.775464674099,87.95426177978516,8416200,0.0,0.0,0.0,0.0028364435015633127,0.0028324283863342833,0.05400313179928209,0.041222255230149524
2018-10-10 00:00:00-04:00,87.73662346636624,87.85323366771522,87.52672391772985,87.71330261230469,12316400,0.0,0.0,0.0,-0.0027395962697495113,-0.0027433558316345055,0.04537020416687084,0.04074787310151353
2018-10-11 00:00:00-04:00,87.90765443455572,88.22638267102396,87.88433357957531,88.07868194580078,18587600,0.0,0.0,0.0,0.004165609122154246,0.004156956991748205,0.055559932984835685,0.043286302145767314
2018-10-12 00:00:00-04:00,88.10971486617682,88.257421425883,87.96978982776578,88.09416961669922,8956700,0.0,0.0,0.0,0.00017583904023421582,0.00017582358236221894,0.04474870687363233,0.043344745914640596
2018-10-15 00:00:00-04:00,88.0475947152245,88.12533288364662,87.92320890091548,87.93098449707031,6636500,0.0,0.0,0.0,-0.0018523940953065754,-0.0018541118989427383,0.04697621007219107,0.043563856374306965
2018-10-16 00:00:00-04:00,87.96982985408098,88.21859547617393,87.89208577820672,88.15640258789062,9017800,0.0,0.0,0.0,0.0025635797450649367,0.002560299379633149,0.04616035770161232,0.04306874110227305
2018-10-17 00:00:00-04:00,88.08642220324705,88.15639067587144,87.7210464477539,87.7210464477539,6880600,0.0,0.0,0.0,-0.0049384517443605835,-0.004950686193287027,0.05711085690210226,0.045923968423255426
2018-10-18 00:00:00-04:00,87.63553865171883,87.8298869530629,87.53447373915466,87.7210464477539,10418000,0.0,0.0,0.0,0.0,0.0,0.04429223655151887,0.04446027861390333
2018-10-19 00:00:00-04:00,87.65107753523027,87.73659125608923,87.53446737669178,87.6122055053711,6355700,0.0,0.0,0.0,-0.0012407620153920274,-0.0012415323978882719,0.04343878206689734,0.04439359980793695
2018-10-22 00:00:00-04:00,87.71327931466205,87.72882456956035,87.48005897391008,87.50337982177734,7282900,0.0,0.0,0.0,-0.0012421292554617436,-0.0012429013374219977,0.04298083424934071,0.044070176778830995
2018-10-23 00:00:00-04:00,87.69773965240442,87.81434983810325,87.58113539774602,87.62777709960938,10277900,0.0,0.0,0.0,0.001421628262650021,0.0014206187058877892,0.037475601840537,0.04464428694459832
2018-10-24 00:00:00-04:00,87.80657641585232,87.88432049560134,87.70551741563538,87.75215911865234,7262000,0.0,0.0,0.0,0.0014194359729287065,0.001418429525966863,0.021138359143260115,0.042565640030495656
2018-10-25 00:00:00-04:00,87.63556377112619,87.72884718664436,87.62778817615262,87.6433334350586,5653100,0.0,0.0,0.0,-0.0012401482161435995,-0.0012409178363037828,0.023141679299553318,0.04191915129571126
2018-10-26 00:00:00-04:00,87.82211969728631,87.90763343247869,87.78324766091158,87.79102325439453,4955300,0.0,0.0,0.0,0.0016851232552144157,0.0016837050280566245,0.02397103887289051,0.04286874760192309
2018-10-29 00:00:00-04:00,87.73659835981526,87.78324005459146,87.62776378464446,87.68995666503906,6573300,0.0,0.0,0.0,-0.001151217808028071,-0.0011518809682589336,0.023582118796087084,0.042829935506539026
2018-10-30 00:00:00-04:00,87.52671124109077,87.58890413027487,87.410106987671,87.49562072753906,7669600,0.0,0.0,0.0,-0.0022161709834380705,-0.002218630324570799,0.027697871045324254,0.042719364343542544
2018-10-31 00:00:00-04:00,87.3712365390443,87.54226402189258,87.24685668945312,87.24685668945312,13156300,0.0,0.0,0.0,-0.0028431598749448783,-0.0028472093313046706,0.027552121733720687,0.03925720162076718
2018-11-01 00:00:00-04:00,87.1290757422544,87.5190546002632,87.09787671954108,87.5112533569336,14262000,0.369,0.0,0.0,0.0030304434739873987,0.0030258609359103857,0.0403915834712726,0.03922174283891334
2018-11-02 00:00:00-04:00,87.40987221283632,87.49566804865631,87.14468941165153,87.16028594970703,7738400,0.0,0.0,0.0,-0.004010540287830988,-0.004018604071839324,0.04292522325213262,0.03937911536117273
2018-11-05 00:00:00-05:00,87.23826671237813,87.38646057814056,87.23826671237813,87.3162612915039,5064000,0.0,0.0,0.0,0.0017895230619926483,0.0017879237732896984,0.048833820430286105,0.04000247695629298
2018-11-06 00:00:00-05:00,87.37871218253063,87.49570709728141,87.36311563751451,87.46450805664062,5787100,0.0,0.0,0.0,0.0016978139345866783,0.00169637427779101,0.04983051742349821,0.03904148754536542
2018-11-07 00:00:00-05:00,87.84667068311036,87.90906875358971,87.65168117581806,87.69068145751953,13257500,0.0,0.0,0.0,0.002585887760695238,0.0025825501055692767,0.04549356104505535,0.039161229137390306
2018-11-08 00:00:00-05:00,87.67507959500223,87.71407392372996,87.43328857421875,87.43328857421875,10934400,0.0,0.0,0.0,-0.0029352364358745664,-0.002939552690563023,0.04848847405828047,0.0371806887662051
2018-11-09 00:00:00-05:00,87.49566650390625,87.61266136437757,87.42546720738113,87.49566650390625,8836800,0.0,0.0,0.0,0.000713434559133086,0.0007131801856766895,0.03453361419098634,0.03733307372557498
2018-11-12 00:00:00-05:00,87.67505578253795,87.67505578253795,87.417668290291,87.48786163330078,2876500,0.0,0.0,0.0,-8.920293904068899e-05,-8.920691785947239e-05,0.03360341236487643,0.036906746738146166
2018-11-13 00:00:00-05:00,87.40207152447395,87.44887304014995,87.32407693248852,87.3708724975586,7778400,0.0,0.0,0.0,-0.0013372041967666393,-0.0013380990521237486,0.033091576089470165,0.035534483213844975
2018-11-14 00:00:00-05:00,87.14467258071461,87.30846297638978,87.10567231719945,87.13687133789062,11595100,0.0,0.0,0.0,-0.0026782513780494455,-0.0026818443098883945,0.025211102881708896,0.03252176990348106
2018-11-15 00:00:00-05:00,87.0354984933064,87.09789655294195,86.82491248029456,86.97310638427734,15158300,0.0,0.0,0.0,-0.0018793990546005501,-0.0018811673408948325,0.021670794977433214,0.03294870697789565
2018-11-16 00:00:00-05:00,86.94190837578519,87.16809688166626,86.89511280581205,87.14469909667969,13503700,0.0,0.0,0.0,0.0019729399067820452,0.0019709962169464404,0.02881116293454636,0.033856942837959245
2018-11-19 00:00:00-05:00,86.94189643691307,87.0822890781603,86.90289616688662,87.05889129638672,9773700,0.0,0.0,0.0,-0.0009846588625863628,-0.0009851439575857342,0.02810778573576585,0.03377064555394682
2018-11-20 00:00:00-05:00,86.87171016321064,87.04330185607978,86.83271583794459,86.84831237792969,16168200,0.0,0.0,0.0,-0.0024188100183831773,-0.0024217400651068725,0.029958480833812442,0.03399633572635527
2018-11-21 00:00:00-05:00,87.05889567691631,87.13689027028792,86.9262983225179,87.03549194335938,10704600,0.0,0.0,0.0,0.002155247008314376,0.002152927795201224,0.03425296132760886,0.03462590195789235
2018-11-23 00:00:00-05:00,87.308475492233,87.33967451739663,87.0666845348663,87.0744857788086,2924700,0.0,0.0,0.0,0.0004480222329827921,0.00044792190098835955,0.031029929090447213,0.034606116966444105
2018-11-26 00:00:00-05:00,87.17592515338337,87.21492544351848,87.07453272988442,87.11353302001953,5938900,0.0,0.0,0.0,0.00044843493316881755,0.00044833441627324335,0.027314251791125836,0.03392593123565273
2018-11-27 00:00:00-05:00,87.05110618012709,87.0901064573791,86.98090687119486,87.00431060791016,8581300,0.0,0.0,0.0,-0.0012537938518034641,-0.0012545805089208598,0.027941439520622287,0.03395859170446604
2018-11-28 00:00:00-05:00,86.9730832342545,87.31626056969195,86.80149159123333,87.23826599121094,13861300,0.0,0.0,0.0,0.002689009103872042,0.00268540018705082,0.024876912955399674,0.03491085312395116
2018-11-29 00:00:00-05:00,87.16028490689169,87.25388198592256,86.90289740251117,86.98869323730469,10939100,0.0,0.0,0.0,-0.002860817452875475,-0.0028649174124825076,0.03304497627702897,0.03492900511761222
2018-11-30 00:00:00-05:00,87.00430422321435,87.02770200760578,86.77031447808704,86.9341049194336,14854800,0.0,0.0,0.0,-0.0006275334855551096,-0.000627730467105513,0.032790490374008864,0.03286987180938997
2018-12-03 00:00:00-05:00,87.09294471908841,87.319851863626,87.04600047177463,87.25725555419922,12740500,0.353,0.0,0.0,0.003717190567098072,0.003710298887419944,0.04393865753135583,0.03283520633458562
2018-12-04 00:00:00-05:00,87.41372686368769,87.61716183927032,87.26506215427985,87.27288818359375,13521500,0.0,0.0,0.0,0.00017915563921011568,0.00017913959275509862,0.041804665748968656,0.032200072348264996
2018-12-06 00:00:00-05:00,87.32767010731233,87.62499359630702,87.3198440769537,87.53892517089844,12752200,0.0,0.0,0.0,0.0030483348591034964,0.0030436981069226214,0.04298649881479492,0.033488340134744055
2018-12-07 00:00:00-05:00,87.63281371990024,87.67975795986358,87.42937873087291,87.54674530029297,11791900,0.0,0.0,0.0,8.933316669423874e-05,8.932917672452558e-05,0.031082358809869873,0.03212023113038362
2018-12-10 00:00:00-05:00,87.78927368716188,87.82057182812873,87.56237261179469,87.81275177001953,6886500,0.0,0.0,0.0,0.003038450702126383,0.00303384394004576,0.02759974025004825,0.03207692483227416
2018-12-11 00:00:00-05:00,87.93015986788232,88.0709985936093,87.83627136373981,87.96928405761719,10241100,0.0,0.0,0.0,0.0017825689827783986,0.0017809820922372532,0.023137140879653573,0.032517197398062296
2018-12-12 00:00:00-05:00,87.98490014575097,88.16486299983895,87.31200490448302,88.06314849853516,10001600,0.0,0.0,0.0,0.0010670138096893211,0.0010664449550688176,0.020322968734612742,0.03260576066264305
2018-12-13 00:00:00-05:00,88.21183652722847,88.34485518942462,88.2040164649623,88.29790496826172,6911200,0.0,0.0,0.0,0.0026657742055460343,0.0026622273315337493,0.018986152043709816,0.03298530604621908
2018-12-14 00:00:00-05:00,88.34481815761397,88.42306053407076,88.18832743518975,88.2039794921875,6037900,0.0,0.0,0.0,-0.0010637339142754998,-0.0010643000807316078,0.02580021967342882,0.03136044996152264
2018-12-17 00:00:00-05:00,88.23530865305332,88.40744553511983,88.23530865305332,88.29790496826172,6480500,0.0,0.0,0.0,0.0010648666490442604,0.0010643000807315992,0.021883747228181306,0.029970491792551242
2018-12-18 00:00:00-05:00,88.45643054589469,88.6448070304695,88.38579385532174,88.61341094970703,5923200,0.352,0.0,0.0,0.003573198951421608,0.003566830242648534,0.0281736654805779,0.03133809438018637
2018-12-19 00:00:00-05:00,88.73111629231138,88.93518176952203,88.54273986816406,88.54273986816406,10049200,0.0,0.0,0.0,-0.000797521286964975,-0.000797839476252958,0.03258266275640177,0.031200485447058376
2018-12-20 00:00:00-05:00,88.75470577438566,88.80964742823973,88.11894550757,88.25238037109375,20942200,0.0,0.0,0.0,-0.0032793145717271432,-0.003284703307889746,0.04076122932075771,0.03251692838215997
2018-12-21 00:00:00-05:00,88.3622213199389,88.44070850379242,88.01687052515744,88.16600036621094,11850700,0.0,0.0,0.0,-0.000978783852850107,-0.0009792631745591642,0.040639037422413864,0.03269236768084886
2018-12-24 00:00:00-05:00,88.15816556878966,88.22880823858426,87.89915242652499,87.96194458007812,4384800,0.0,0.0,0.0,-0.002314449847846567,-0.0023171323266700764,0.04169072050623274,0.03434474520148582
2018-12-26 00:00:00-05:00,87.96979884670067,88.07183160943242,87.74218177150867,87.89131164550781,7659300,0.0,0.0,0.0,-0.0008029942369681686,-0.0008033168095346389,0.017729852540323162,0.03466001772156495
2018-12-27 00:00:00-05:00,88.0325910029308,88.13462376566255,87.89131164550781,87.89131164550781,7797300,0.0,0.0,0.0,0.0,0.0,0.020749011522165014,0.03412572106161771
2018-12-28 00:00:00-05:00,87.98549905390621,88.3229994282078,87.98549905390621,88.30730438232422,4334500,0.0,0.0,0.0,0.004733035939823438,0.004721870342806583,0.04294928706822224,0.03654289224124349
2018-12-31 00:00:00-05:00,88.31514580601592,88.62910060635853,88.24450911973845,88.55061340332031,7008400,0.0,0.0,0.0,0.002755253630466248,0.002751464876904606,0.04502156492977589,0.0348637084887637
2019-01-02 00:00:00-05:00,88.55059397955264,88.84100315410087,88.5191979075862,88.82530212402344,9506500,0.0,0.0,0.0,0.0031020532794279188,0.00309725183914018,0.03646142197183985,0.03521877880304333
2019-01-03 00:00:00-05:00,88.691857100539,88.9273246031605,88.6526105207063,88.86453247070312,11199100,0.0,0.0,0.0,0.00044165734021262004,0.0004415598383167672,0.031218584836846072,0.03385735003306561
2019-01-04 00:00:00-05:00,88.59764841151522,88.84881089507003,88.54270680536843,88.8095703125,12080700,0.0,0.0,0.0,-0.0006184937530757662,-0.0006186850992387352,0.03414417964791984,0.03420395397935472
2019-01-07 00:00:00-05:00,88.99800961768892,89.05295126639459,88.8096391061539,88.81748962402344,16150100,0.0,0.0,0.0,8.91718256892382e-05,8.916785011832735e-05,0.02649420402779628,0.03331172931041568
2019-01-08 00:00:00-05:00,88.85671437476886,89.03724032439843,88.85671437476886,89.0136947631836,7961400,0.0,0.0,0.0,0.0022090822425935297,0.002206645807946162,0.024632863842036255,0.033621599706202106
2019-01-09 00:00:00-05:00,89.08435380286191,89.3904581518517,89.08435380286191,89.35121154785156,10534900,0.0,0.0,0.0,0.0037917399740108326,0.003784569448126177,0.02845236751462385,0.03437476156037512
2019-01-10 00:00:00-05:00,89.26486016221173,89.29625025267774,89.02939256638875,89.11573028564453,10337000,0.0,0.0,0.0,-0.002635456846390105,-0.0026389357765091307,0.039674224507262726,0.036341895888337555
2019-01-11 00:00:00-05:00,89.31194417185795,89.31194417185795,89.15496379108383,89.28054809570312,6890800,0.0,0.0,0.0,0.0018494805522022428,0.0018477723688893437,0.03888847682254631,0.03656639362497485
2019-01-14 00:00:00-05:00,89.17853219700308,89.31196105474157,89.02155178655453,89.04509735107422,4511400,0.0,0.0,0.0,-0.002637200931792205,-0.002640684472047798,0.04712451704416907,0.037595147015602154
2019-01-15 00:00:00-05:00,89.11575291729292,89.22563622639879,89.04511022532988,89.10005187988281,10536500,0.0,0.0,0.0,0.0006171538966590617,0.0006169635355103707,0.04481905455943385,0.037184091277354434
2019-01-16 00:00:00-05:00,89.10003725350153,89.39829703342,89.05294612538397,89.27271270751953,17911800,0.0,0.0,0.0,0.0019378308316755355,0.0019359556596294455,0.03663741796510208,0.0374853425629741
2019-01-17 00:00:00-05:00,89.20991207536584,89.46107469827298,89.20991207536584,89.4532241821289,8756200,0.0,0.0,0.0,0.0020220229579084315,0.002019981421046991,0.031478304044151625,0.03620974672748858
2019-01-18 00:00:00-05:00,89.44536644862451,89.69652905126532,89.44536644862451,89.61019134521484,12589700,0.0,0.0,0.0,0.0017547401395654472,0.0017532023817342013,0.031277867246704893,0.03615416359376543
2019-01-22 00:00:00-05:00,89.72790416541376,89.93197560369899,89.72790416541376,89.7593002319336,9101600,0.0,0.0,0.0,0.0016639724174265513,0.0016625895491474943,0.009001884702080938,0.033258008238741386
2019-01-23 00:00:00-05:00,89.8378162391688,90.0575827871582,89.78287460217146,89.98694610595703,11707200,0.0,0.0,0.0,0.0025361814701676533,0.0025329707893764894,0.005403480157648916,0.03303555433338814
2019-01-24 00:00:00-05:00,90.30092820689605,90.34801934194562,90.15179829498425,90.2224349975586,8874700,0.0,0.0,0.0,0.0026169228070511696,0.002613504626672928,0.0069699174230098415,0.030999306663206314
2019-01-25 00:00:00-05:00,90.18316952694444,90.3009033203125,90.16746849412765,90.3009033203125,8529200,0.0,0.0,0.0,0.0008697207380408134,0.0008693427501064776,0.011381884891232347,0.030069464985472732
2019-01-28 00:00:00-05:00,90.22240987166057,90.3558446974595,90.17531874972534,90.28520202636719,7830600,0.0,0.0,0.0,-0.0001738774848089042,-0.00017389260325129582,0.018694145518178742,0.030179514741759603
2019-01-29 00:00:00-05:00,90.39508470920933,90.4814224243164,90.31659751043635,90.4814224243164,9111300,0.0,0.0,0.0,0.002173339523479312,0.002170981237423224,0.01931076258315093,0.027629665380095977
2019-01-30 00:00:00-05:00,90.51278568786591,90.89737701416016,90.39505193829376,90.89737701416016,17275500,0.0,0.0,0.0,0.004597126997994305,0.004586592483007092,0.028791121422514325,0.029685657434865856
2019-01-31 00:00:00-05:00,91.21136729881556,91.59595877528076,91.19567225389824,91.53317260742188,12004200,0.0,0.0,0.0,0.00699465280678746,0.006970303699275838,0.04610780049560563,0.035456472703751865
2019-02-01 00:00:00-05:00,91.41744254412218,91.56701918380473,91.25998554660067,91.31509399414062,15158400,0.353,0.0,0.0,-0.002382509062769711,-0.0023853517535420772,0.059057433202219,0.037911965839370045
2019-02-04 00:00:00-05:00,91.22061645731347,91.23635915226778,91.01592538468931,91.18912506103516,7375500,0.0,0.0,0.0,-0.0013794973820380196,-0.0013804497645250723,0.06267368400218322,0.03853089099946875
2019-02-05 00:00:00-05:00,91.401686082251,91.70085134896108,91.39381173145078,91.55914306640625,9298100,0.0,0.0,0.0,0.004057698822347966,0.004049488564822527,0.06440465470471042,0.03940680909005306
2019-02-06 00:00:00-05:00,91.62209406377312,91.63784276094057,91.35442627560741,91.38591766357422,7083600,0.0,0.0,0.0,-0.0018919508967705223,-0.0018937428964754337,0.06674867005670569,0.04111325184807097
2019-02-07 00:00:00-05:00,91.32295939000603,91.3859421828382,91.14975971290238,91.37019348144531,12973200,0.0,0.0,0.0,-0.0001720635140612936,-0.00017207831868597736,0.041264540974615495,0.040351974830903976
2019-02-08 00:00:00-05:00,91.44105975076319,91.62212779026412,91.40956835120427,91.5985107421875,5502500,0.0,0.0,0.0,0.0024988155550809132,0.0024956987066981286,0.04069183155158798,0.03806356065855029
2019-02-11 00:00:00-05:00,91.54338908224283,91.54338908224283,91.32295532351552,91.39380645751953,5353800,0.0,0.0,0.0,-0.002234799267033183,-0.0022373001576021546,0.04368589015624968,0.040098611292780556
2019-02-12 00:00:00-05:00,91.38597193464075,91.51980590820312,91.34660617471222,91.51980590820312,10689100,0.0,0.0,0.0,0.0013786432097251389,0.0013776937537158171,0.03244836399849629,0.037485610932254665
2019-02-13 00:00:00-05:00,91.33084758788148,91.40169873578255,91.23637338430945,91.28360748291016,9595200,0.0,0.0,0.0,-0.002580844910552882,-0.002584181032023332,0.03512438879338794,0.03997818534109022
2019-02-14 00:00:00-05:00,91.51187720907335,91.51187720907335,91.27570080887445,91.38591766357422,14906100,0.0,0.0,0.0,0.0011207946693301274,0.001120167047897458,0.03641576808594872,0.0398871594771152
2019-02-15 00:00:00-05:00,91.3465721607726,91.52764618009857,91.3465721607726,91.49615478515625,8298000,0.0,0.0,0.0,0.0012062812783459886,0.0012055543056483842,0.03176950094994217,0.039761892732545566
2019-02-19 00:00:00-05:00,91.66939132576859,91.66939132576859,91.45682582600139,91.55130004882812,6920300,0.0,0.0,0.0,0.000602705805521131,0.0006025242513226434,0.02637159097608862,0.03973311665246063
2019-02-20 00:00:00-05:00,91.47256469726562,91.50405610148837,91.31510767615187,91.47256469726562,8577400,0.0,0.0,0.0,-0.0008600134735444742,-0.0008603834972972998,0.025624786352622032,0.040243762344271586
2019-02-21 00:00:00-05:00,91.13399730749161,91.30719694713578,91.11824860950483,91.21272277832031,6311000,0.0,0.0,0.0,-0.0028406541328023227,-0.0028446964477808275,0.027224475044400943,0.04192178376758193
2019-02-22 00:00:00-05:00,91.29933219324234,91.70083994494404,91.29933219324234,91.62210845947266,4110600,0.0,0.0,0.0,0.004488251953044919,0.004478209786884135,0.043054226750495125,0.043562669193830346
2019-02-25 00:00:00-05:00,91.5276375412765,91.67721414517297,91.5197631916918,91.59061431884766,6026200,0.0,0.0,0.0,-0.00034373953137012414,-0.0003437986233447238,0.04290208896531412,0.04373974378160817
2019-02-26 00:00:00-05:00,91.72444672090539,91.78742349331657,91.64572125061515,91.73231506347656,6360600,0.0,0.0,0.0,0.0015471098832857688,0.0015459143417208899,0.04395853768619392,0.04370355053092632
2019-02-27 00:00:00-05:00,91.61427301308241,91.61427301308241,91.40958188882013,91.47256469726562,7008500,0.0,0.0,0.0,-0.0028316124588286806,-0.0028356290574795837,0.049404787592650615,0.04520131536377326
2019-02-28 00:00:00-05:00,91.51981076563274,91.61428499065246,91.29150255994738,91.34661102294922,12468400,0.0,0.0,0.0,-0.001376955754255449,-0.0013779046289690575,0.04499117961564313,0.043026688905290086
2019-03-01 00:00:00-05:00,91.40026712643625,91.5108251171705,91.14756228690672,91.18704986572266,12714100,0.358,0.0,0.0,-0.0017467660314893774,-0.0017482934061770555,0.026277827079224166,0.03535762610021259
2019-03-04 00:00:00-05:00,91.45555145558984,91.49503903670873,91.35289217962331,91.39237976074219,9453600,0.0,0.0,0.0,0.002251744028586078,0.0022492126522963723,0.03504910740945562,0.03536773577261858
2019-03-05 00:00:00-05:00,91.36081662964723,91.43978578916514,91.26605002324935,91.42398834228516,9090400,0.0,0.0,0.0,0.000345855766374914,0.00034579597205575607,0.031649962126988965,0.034974351977619944
2019-03-06 00:00:00-05:00,91.45556998922999,91.57402673163315,91.40029097943653,91.51084899902344,6278700,0.0,0.0,0.0,0.0009500860585198723,0.0009496350124263712,0.026329536119029356,0.031956047330869014
2019-03-07 00:00:00-05:00,91.6845881336347,91.84253247098586,91.62930912180191,91.81094360351562,7355500,0.0,0.0,0.0,0.0032793336284684393,0.003273968340458094,0.030469190323300553,0.03319588182234857
2019-03-08 00:00:00-05:00,91.6924536576624,91.945158480967,91.53451540245636,91.92936706542969,7386600,0.0,0.0,0.0,0.0012898621587582593,0.0012890310012063058,0.018330848364375766,0.03336381980873798
2019-03-11 00:00:00-04:00,91.91360197025055,92.03205871582031,91.85042423595196,92.03205871582031,7813600,0.0,0.0,0.0,0.0011170712218384615,0.0011164477620372708,0.017637237711550974,0.03250957417648235
2019-03-12 00:00:00-04:00,92.05575998448587,92.34795252220678,92.04786126050394,92.28477478027344,7994600,0.0,0.0,0.0,0.0027459568761085684,0.0027421936241035193,0.016843100197598493,0.03229129630697491
2019-03-13 00:00:00-04:00,92.03204530528791,92.16629345239004,92.03204530528791,92.13470458984375,5834000,0.0,0.0,0.0,-0.0016261641293160434,-0.001627487769369057,0.030313473876942155,0.03294592853836684
2019-03-14 00:00:00-04:00,92.10312643636838,92.11102515916323,91.87411167499921,91.95308685302734,5395300,0.0,0.0,0.0,-0.001971219613987052,-0.0019731650243447747,0.03223939036039925,0.03229448066053662
2019-03-15 00:00:00-04:00,92.2058056153373,92.41112423917905,92.15841929640675,92.28477478027344,8537000,0.0,0.0,0.0,0.0036071429312236614,0.0036006527937138275,0.03994736216066049,0.03421279207974302
2019-03-18 00:00:00-04:00,92.22160642005795,92.30847431781311,92.19791627066321,92.2374038696289,4308300,0.0,0.0,0.0,-0.0005133123070119039,-0.0005134440968756712,0.040735739805398886,0.034280880147364495
2019-03-19 00:00:00-04:00,92.10314345089441,92.34005697882425,92.10314345089441,92.25318908691406,8074700,0.0,0.0,0.0,0.0001711368341141828,0.00017112219187671442,0.03532949554079042,0.03428221984245064
2019-03-20 00:00:00-04:00,92.30841918503974,92.91649410614279,92.22155133916787,92.87700653076172,16202600,0.0,0.0,0.0,0.006762014950615347,0.006739255071671685,0.056088787629897906,0.040690540446281925
2019-03-21 00:00:00-04:00,92.80596902488247,93.11395898712456,92.80596902488247,93.05078125,14163200,0.0,0.0,0.0,0.0018710198113536247,0.0018692716340296697,0.046429426314439026,0.03853257829104914
2019-03-22 00:00:00-04:00,93.350874742121,93.69044757807757,93.350874742121,93.61937713623047,10576900,0.0,0.0,0.0,0.006110597660677453,0.006092003667287409,0.053467495255757565,0.0408411935602189
2019-03-25 00:00:00-04:00,93.63514792525908,93.97472068638474,93.47720962820706,93.80888366699219,7096100,0.0,0.0,0.0,0.0020242233665574982,0.0020221773869865027,0.045806853774916,0.040609131999901536
2019-03-26 00:00:00-04:00,93.76939663469847,93.91944223525695,93.65093989872912,93.8483657836914,7766500,0.0,0.0,0.0,0.0004208782276886591,0.0004207896832907896,0.0447234983986611,0.040678301658830913
2019-03-27 00:00:00-04:00,93.9747085571289,94.14844427643806,93.91153083647848,93.9747085571289,7484100,0.0,0.0,0.0,0.0013462437239313285,0.0013453383503271436,0.0347852625506242,0.03786893089479971
2019-03-28 00:00:00-04:00,93.99841120182661,94.09317779541016,93.90365063320294,94.09317779541016,4621200,0.0,0.0,0.0,0.001260650233453342,0.0012598562811418485,0.035580626497563356,0.03647895372361653
2019-03-29 00:00:00-04:00,93.84047391416685,94.09317880814966,93.80888504929901,94.02210235595703,8415100,0.0,0.0,0.0,-0.0007553729305185275,-0.0007556583684010259,0.016939343939960837,0.03546990122057901
2019-04-01 00:00:00-04:00,93.82248150673148,93.95714057200563,93.62446022365003,93.67198944091797,9567400,0.358,0.0,0.0,-0.0037237299131386292,-0.0037306802548666995,0.03329319008252936,0.03992877242228009
2019-04-02 00:00:00-04:00,93.687807015629,93.82246000691688,93.61652227075727,93.79869842529297,7733300,0.0,0.0,0.0,0.001352688088843479,0.0013517740305083274,0.03515240193446619,0.039790908166469276
2019-04-03 00:00:00-04:00,93.58487659066088,93.69576804587722,93.55319245443748,93.60071563720703,6048400,0.0,0.0,0.0,-0.002110719993024479,-0.002112950701956323,0.03473254701673188,0.041576793590044216
2019-04-04 00:00:00-04:00,93.62446129162122,93.7511978149414,93.55317652960115,93.7511978149414,7510600,0.0,0.0,0.0,0.0016077032820736026,0.0016064123106328042,0.036087728585066155,0.04084925507096007
2019-04-05 00:00:00-04:00,93.7353672867775,94.01260196381752,93.67200505840614,93.9017105102539,9326200,0.0,0.0,0.0,0.0016054482376812729,0.0016041608833290049,0.03967941754977082,0.04088924158615642
2019-04-08 00:00:00-04:00,93.87798134275158,93.91758803945221,93.74332824298301,93.76708984375,8564800,0.0,0.0,0.0,-0.0014336338046707642,-0.001434662440856327,0.028939642633244042,0.04183767849554016
2019-04-09 00:00:00-04:00,94.01260185697417,94.12349331041176,93.92547199454022,93.96507263183594,7749000,0.0,0.0,0.0,0.002111431509880912,0.002109205571097955,0.031245893537044087,0.04153343750551612
2019-04-10 00:00:00-04:00,94.1551629467299,94.47199216882956,94.1472404032384,94.42446899414062,5765300,0.0,0.0,0.0,0.004889011942816657,0.004877099534754151,0.03563863869184412,0.04268809090414704
2019-04-11 00:00:00-04:00,94.30563752594867,94.42445148376783,94.2660369020949,94.32939910888672,7769500,0.0,0.0,0.0,-0.001006835264912187,-0.0010073424640100607,0.040785887116314035,0.041857594059956496
2019-04-12 00:00:00-04:00,94.2501947151597,94.35316963522841,94.17098742188851,94.27395629882812,11083800,0.0,0.0,0.0,-0.0005877574815736919,-0.0005879302787141236,0.0424619802441023,0.04141026874903887
2019-04-15 00:00:00-04:00,94.2660573221304,94.32150304203952,94.12348175048828,94.12348175048828,12427300,0.0,0.0,0.0,-0.0015961412276246367,-0.0015974164181373058,0.043011309293102484,0.04213151697912294
2019-04-16 00:00:00-04:00,94.09179648506074,94.09179648506074,93.85416852081006,93.86209106445312,10302700,0.0,0.0,0.0,-0.0027771038764595746,-0.0027809671836245015,0.047150771523878414,0.04416621272351234
2019-04-17 00:00:00-04:00,93.95715915720541,94.03636647747959,93.83834515522854,93.84626770019531,6062300,0.0,0.0,0.0,-0.00016858099024186224,-0.0001685952016141983,0.01610390618126046,0.03837180372906715
2019-04-18 00:00:00-04:00,94.06014440517296,94.09975109375435,93.90172973711188,93.92549133300781,8060000,0.0,0.0,0.0,0.0008441852271161565,0.0008438291031762688,0.021987156249754943,0.03806489019835809
2019-04-22 00:00:00-04:00,93.8304320011441,93.88587773519835,93.73537958142319,93.77498626708984,6581900,0.0,0.0,0.0,-0.0016023878478778064,-0.0016036730443909893,0.022380560707852066,0.0323202216333272
2019-04-23 00:00:00-04:00,93.90963413418709,94.16310119628906,93.89379508667572,94.16310119628906,7389700,0.0,0.0,0.0,0.004138789507191154,0.004130248276691872,0.04208449373595733,0.03478088432488868
2019-04-24 00:00:00-04:00,94.3848502143081,94.57494891964109,94.3610825884037,94.47989654541016,6463200,0.0,0.0,0.0,0.003364325782566402,0.003358679099889824,0.038154466302168316,0.036562875952601895
2019-04-25 00:00:00-04:00,94.39278163269212,94.47198893550615,94.28189020012651,94.43238830566406,4404000,0.0,0.0,0.0,-0.0005028396673070201,-0.0005029661335691413,0.039037021247419965,0.03647556136900887
2019-04-26 00:00:00-04:00,94.7492290099773,94.82051377367124,94.6541766152552,94.76506805419922,3406100,0.0,0.0,0.0,0.0035229411699122526,0.003516750148810258,0.041822352635620307,0.0381559287361843
2019-04-29 00:00:00-04:00,94.55912891472036,94.59873559193665,94.34526856989173,94.39279174804688,5847500,0.0,0.0,0.0,-0.0039284127980515615,-0.003936149279649917,0.05490283399134757,0.04094500713253633
2019-04-30 00:00:00-04:00,94.37694258938126,94.53535719500931,94.33733591640932,94.43238830566406,9753300,0.0,0.0,0.0,0.00041948709095152026,0.00041939913083967735,0.04888816549920006,0.0382303870452167
2019-05-01 00:00:00-04:00,94.53725055193209,94.99007579532807,94.4021987915039,94.4021987915039,12804300,0.352,0.0,0.0,-0.00031969448937829714,-0.0003197456025555909,0.042182470739099955,0.038142545336543265
2019-05-02 00:00:00-04:00,94.29891056730837,94.33068851889136,93.97319717037554,94.06058502197266,11748200,0.0,0.0,0.0,-0.0036187056435595943,-0.003625268997508364,0.04901637469278148,0.039760241841813614
2019-05-03 00:00:00-04:00,94.25921927271989,94.51343689609733,94.25921927271989,94.48165893554688,7481000,0.0,0.0,0.0,0.004476624438130461,0.004466634159006085,0.054461816271745594,0.042285400456235495
2019-05-06 00:00:00-04:00,94.56108548705764,94.71997526406903,94.44191966955542,94.60874938964844,8077400,0.0,0.0,0.0,0.0013451336008849513,0.001344229719153168,0.04639196681479735,0.04219628450216719
2019-05-07 00:00:00-04:00,94.75970618655397,94.76765219175297,94.53726652919063,94.60082244873047,11575500,0.0,0.0,0.0,-8.378655218577169e-05,-8.379006247501333e-05,0.04655733263774495,0.04169650942551299
2019-05-08 00:00:00-04:00,94.65640335612385,94.69612124789533,94.25124206949951,94.28302001953125,11843100,0.0,0.0,0.0,-0.0033594045059328614,-0.0033650599748074024,0.053791872196239064,0.04329002084481848
2019-05-09 00:00:00-04:00,94.48166509012324,94.49755104092017,94.22744745018595,94.37044525146484,11586200,0.0,0.0,0.0,0.0009272638054602655,0.0009268341619525436,0.044770815401132695,0.03970039693065804
2019-05-10 00:00:00-04:00,94.33865278090337,94.47370455550146,94.30687482316988,94.42604064941406,8155600,0.0,0.0,0.0,0.0005891187415834054,0.0005889452792608229,0.029953237352729242,0.03958125962755912
2019-05-13 00:00:00-04:00,94.42604901984012,94.64054267727293,94.36249309873921,94.48165893554688,16744900,0.0,0.0,0.0,0.0005890142777384977,0.0005888408769158402,0.028049515359848592,0.03954853972193347
2019-05-14 00:00:00-04:00,94.53727260352291,94.63260648895817,94.4737166798994,94.61671447753906,7993500,0.0,0.0,0.0,0.0014294366072078457,0.001428415935242306,0.030614091790559468,0.03927159701412192
2019-05-15 00:00:00-04:00,94.86299741054556,94.89476931308725,94.68027563528334,94.8788833618164,10804400,0.0,0.0,0.0,0.0027708517012559053,0.0027670199681582223,0.014467574038077205,0.038503176446235826
2019-05-16 00:00:00-04:00,94.80734712309985,94.80734712309985,94.70407332464127,94.7279052734375,11716300,0.0,0.0,0.0,-0.0015912717670080179,-0.0015925391846419667,0.025198190376000858,0.039176542966472015
2019-05-17 00:00:00-04:00,94.83910599203372,94.88677594105887,94.71994627202935,94.73583221435547,7746100,0.0,0.0,0.0,8.368115915891039e-05,8.367765808602582e-05,0.025662097775828924,0.0391733470569156
2019-05-20 00:00:00-04:00,94.71202777736683,94.78352363013383,94.50547410099797,94.51342010498047,2890900,0.0,0.0,0.0,-0.002347708403212745,-0.002350468591510427,0.03343834967405579,0.03977161786467964
2019-05-21 00:00:00-04:00,94.60875856835864,94.62465057811421,94.48165279544328,94.5928726196289,3610100,0.0,0.0,0.0,0.0008406479689357926,0.000840294822332746,0.032166257634094794,0.03730050029214662
2019-05-22 00:00:00-04:00,94.64847259312108,94.78352435673307,94.5690307357626,94.71202850341797,9526200,0.0,0.0,0.0,0.0012596708450562932,0.0012588781253780944,0.02475653762123054,0.03566753678237668
2019-05-23 00:00:00-04:00,94.75175855915928,95.02186818206613,94.68820870173353,94.91859436035156,9983400,0.0,0.0,0.0,0.0021809886262349476,0.002178613723005485,0.027213352230307682,0.03630737740471398
2019-05-24 00:00:00-04:00,95.04568558743023,95.13307344666826,94.95035172434555,95.1171875,5981700,0.0,0.0,0.0,0.0020922469510504804,0.0020900612505509036,0.029376328935152338,0.034930754116306265
2019-05-28 00:00:00-04:00,95.27607422254358,95.33168412917793,95.14896240107923,95.18074035644531,9039100,0.0,0.0,0.0,0.0006681532340861995,0.0006679301190918946,0.011103556772803847,0.031376599316634814
2019-05-29 00:00:00-04:00,95.23636019199068,95.3555260217809,95.18869628448495,95.22047424316406,8778000,0.0,0.0,0.0,0.0004174572142425781,0.0004173701032222892,0.012750909992513335,0.03137659851391945
2019-05-30 00:00:00-04:00,95.41117910667828,95.80044866984217,95.33968321306861,95.7686767578125,11946400,0.0,0.0,0.0,0.005757191601970968,0.005740682308868537,0.03384929821363151,0.03648231127096947
2019-05-31 00:00:00-04:00,95.8242286379028,95.99899829229187,95.64150691878136,95.99105834960938,11611700,0.0,0.0,0.0,0.0023220702146615757,0.002319378375907702,0.03385303024708317,0.033041122281702515
2019-06-03 00:00:00-04:00,96.22295336111983,96.35045667305987,95.95201794278607,96.28670501708984,12525200,0.371,0.0,0.0,0.0030799396585845518,0.00307520636079165,0.03428389222485765,0.03143517732625785
2019-06-04 00:00:00-04:00,96.04767716969359,96.3664294953727,96.04767716969359,96.31861877441406,20566100,0.0,0.0,0.0,0.0003314451078013647,0.00033139019200566813,0.0354492660023506,0.0314714691578522
2019-06-05 00:00:00-04:00,96.39825995238508,96.56560347665126,96.16716477705783,96.25482177734375,10423100,0.0,0.0,0.0,-0.0006623537368173338,-0.0006625731899627629,0.03978257193561533,0.03177635169559777
2019-06-06 00:00:00-04:00,96.39029202245518,96.51779532794558,96.2787296699972,96.43810272216797,14133600,0.0,0.0,0.0,0.0019041222189177809,0.0019023116761709526,0.024233386041063985,0.027720906150236604
2019-06-07 00:00:00-04:00,96.82063563602641,97.09954160093213,96.76485444304527,96.86844635009766,11912900,0.0,0.0,0.0,0.004462381732762699,0.004452454828200868,0.03268234371642562,0.030111517712000033
2019-06-10 00:00:00-04:00,96.69309966705553,96.79669761884703,96.5098212718263,96.51779174804688,13072400,0.0,0.0,0.0,-0.0036199052969576595,-0.0036264730085903245,0.047639199202173896,0.034789107799796395
2019-06-11 00:00:00-04:00,96.58151155135052,96.67713900140858,96.4460438902027,96.60542297363281,17076700,0.0,0.0,0.0,0.000907928206798303,0.0009075162892927792,0.047699312097402205,0.03474556500602869
2019-06-12 00:00:00-04:00,96.61343518868851,96.76484387296712,96.54171912541553,96.74890899658203,11814400,0.0,0.0,0.0,0.001485279175149179,0.0014841772390220228,0.0465458282606568,0.03475284618994474
2019-06-13 00:00:00-04:00,96.78078842079685,97.01985414831714,96.78078842079685,96.9959487915039,6665700,0.0,0.0,0.0,0.0025534116868501933,0.0025501572699624616,0.04753357494025193,0.03462394602422864
2019-06-14 00:00:00-04:00,96.86047389676945,97.07562817189368,96.78875175193234,97.03578186035156,4652300,0.0,0.0,0.0,0.0004106673458421639,0.0004105830450866154,0.03741382949327006,0.03325755606219074
2019-06-17 00:00:00-04:00,96.97204052369803,97.16328945215676,96.91625933291031,97.08360290527344,6213200,0.0,0.0,0.0,0.0004928186696191439,0.000492697274380837,0.014013403581365026,0.03310573662310336
2019-06-18 00:00:00-04:00,97.58561149886835,97.83264156211095,97.48998401647164,97.72904968261719,19575000,0.0,0.0,0.0,0.006648360361878325,0.006626357482336374,0.0408364334328874,0.03553447464662522
2019-06-19 00:00:00-04:00,97.49799561670625,98.37455996280983,97.40237417367004,98.35065460205078,17597800,0.0,0.0,0.0,0.0063604928263634175,0.006340350257856187,0.04851720931512112,0.03904099732128675
2019-06-20 00:00:00-04:00,98.73315698913255,98.94034691179442,98.5737777872023,98.88455963134766,24937900,0.0,0.0,0.0,0.005428586433483096,0.005413904767976225,0.05002570526002902,0.04082346630747578
2019-06-21 00:00:00-04:00,98.55779287742806,98.72513639473753,98.39841983609288,98.52591705322266,18566400,0.0,0.0,0.0,-0.003626881481416877,-0.0036334745624334802,0.07129606537884083,0.04570011901704714
2019-06-24 00:00:00-04:00,98.7729721069336,98.94828614461828,98.63750437952028,98.7729721069336,15241600,0.0,0.0,0.0,0.002507513363996239,0.002504374797930289,0.06808706131092909,0.045750567994090684
2019-06-25 00:00:00-04:00,98.77296732070396,98.80484315143778,98.39046951128415,98.4781265258789,17843700,0.0,0.0,0.0,-0.002985083619185591,-0.0029895478676090913,0.07380678961033389,0.04878340073193452
2019-06-26 00:00:00-04:00,98.68531094104057,98.68531094104057,98.239061467282,98.2789077758789,24436700,0.0,0.0,0.0,-0.002022974614039219,-0.0020250235910023494,0.06240565560280818,0.05038309467322327
2019-06-27 00:00:00-04:00,98.52593081943125,98.92436955813154,98.44624428762974,98.85265350341797,10314500,0.0,0.0,0.0,0.005837933494819314,0.005820958793817586,0.06473109150324592,0.05047247328428211
2019-06-28 00:00:00-04:00,98.90046853073352,99.1634395688997,98.88452757586064,99.10765838623047,9512100,0.0,0.0,0.0,0.0025796463096834366,0.002576324733243879,0.057797465508895814,0.05053021901174159
2019-07-01 00:00:00-04:00,99.26352699169509,99.52725089400289,99.0477567697787,99.29549407958984,19129900,0.355,0.0,0.0,0.001895269209442496,0.0018934754528312182,0.057072706932496844,0.05024534432435539
2019-07-02 00:00:00-04:00,99.35139143267244,99.61511521944124,99.25549021100309,99.5671615600586,15843800,0.0,0.0,0.0,0.00273594973253255,0.0027322138346642577,0.04461285760734769,0.05020035606445937
2019-07-03 00:00:00-04:00,99.61511140532951,99.86284859711996,99.56715774778296,99.83887481689453,6947300,0.0,0.0,0.0,0.0027289444891129833,0.002725227680541312,0.02442974144862481,0.04955453861172872
2019-07-05 00:00:00-04:00,99.12764620429643,99.21555414935207,98.56823145420611,98.95982360839844,7889900,0.0,0.0,0.0,-0.008804698671817768,-0.008843689065665383,0.08033669628438803,0.062295664253444856
2019-07-08 00:00:00-04:00,99.095700960319,99.13566134309396,98.82398986816406,98.82398986816406,9239200,0.0,0.0,0.0,-0.0013726150197265197,-0.0013735579186462882,0.07790815142648853,0.06180679018562573
2019-07-09 00:00:00-04:00,98.76802406129418,98.79200394464594,98.56823437971012,98.6161880493164,15877100,0.0,0.0,0.0,-0.002102746702747682,-0.0021049605786201977,0.07507802946108091,0.06052166754282213
2019-07-10 00:00:00-04:00,98.73603163755737,98.96778222895391,98.68009078841075,98.83992004394531,9551800,0.0,0.0,0.0,0.0022687146913142886,0.0022661450439362698,0.07352822255745044,0.06066208558260273
2019-07-11 00:00:00-04:00,98.65613297519207,98.80797506987308,98.17663900426373,98.25655364990234,7101300,0.0,0.0,0.0,-0.005902133407064691,-0.005919619835211445,0.06789151205515871,0.06558963223220354
2019-07-12 00:00:00-04:00,98.21659201265496,98.40838836722861,98.1686383511894,98.35244750976562,6363600,0.0,0.0,0.0,0.0009759538300617709,0.0009754778967566815,0.050022356567320944,0.06526263623512421
2019-07-15 00:00:00-04:00,98.4563295254783,98.56821123312463,98.36842159845678,98.520263671875,7705000,0.0,0.0,0.0,0.0017062733704995559,0.0017048193398396826,0.05406798639960054,0.0653477313569913
2019-07-16 00:00:00-04:00,98.17662924741701,98.32847132700788,98.0647475352225,98.31248474121094,9867500,0.0,0.0,0.0,-0.0021089968999279396,-0.002111223965690688,0.05407886904335184,0.0661405792404993
2019-07-17 00:00:00-04:00,98.41639511481792,98.83994825024108,98.41639511481792,98.83195495605469,6620400,0.0,0.0,0.0,0.005283868231091393,0.0052699575792015535,0.0669114551577964,0.06465653946220717
2019-07-18 00:00:00-04:00,98.78397070506315,99.16756332421733,98.58418110426771,99.06367492675781,10357300,0.0,0.0,0.0,0.0023445855220223244,0.002341841269972672,0.042205405053861514,0.06137376589788459
2019-07-19 00:00:00-04:00,98.95983416646328,99.14363727330094,98.815985340761,98.91188049316406,8789300,0.0,0.0,0.0,-0.0015322915660657133,-0.0015334667253986674,0.04804527408321876,0.058676261131627785
2019-07-22 00:00:00-04:00,99.29546029829672,99.31144078825808,99.16759199021975,99.21554565429688,4464800,0.0,0.0,0.0,0.003070057505921042,0.0030653545025781,0.04999619769073567,0.05796632544608346
2019-07-23 00:00:00-04:00,99.28748775648499,99.28748775648499,99.07171756287839,99.2715072631836,7013600,0.0,0.0,0.0,0.0005640407308922235,0.0005638817197088839,0.04091503403302852,0.05741711811134966
2019-07-24 00:00:00-04:00,99.4073444357696,99.55918653102793,99.27148892795775,99.55119323730469,11851200,0.0,0.0,0.0,0.002817384180332949,0.0028134227922802326,0.030713745286735154,0.056760755020988984
2019-07-25 00:00:00-04:00,99.42333170393094,99.48725976286461,98.99178529637102,99.23152923583984,9943100,0.0,0.0,0.0,-0.0032110514306227245,-0.0032162179191392443,0.0432971704384491,0.057624621419163254
2019-07-26 00:00:00-04:00,99.43933621962793,99.48728379968682,99.23155321087576,99.3674087524414,7285100,0.0,0.0,0.0,0.0013693179743166084,0.0013683813134194507,0.04017299338514507,0.05420447105793542
2019-07-29 00:00:00-04:00,99.48723931874271,99.5032259030135,99.29544298716148,99.30343627929688,7379600,0.0,0.0,0.0,-0.0006437973370515548,-0.0006440046635460912,0.03610851124935532,0.0535831424623466
2019-07-30 00:00:00-04:00,99.2715072631836,99.34342862868652,99.03175718397824,99.2715072631836,12112000,0.0,0.0,0.0,-0.0003215298212186912,-0.00032158152301440076,0.036061148345881026,0.05317654647745209
2019-07-31 00:00:00-04:00,99.37535548683275,99.67903961051275,98.94380917720481,99.359375,17422700,0.0,0.0,0.0,0.0008851254427260091,0.0008847339501976288,0.02833990879336917,0.05230920802921113
2019-08-01 00:00:00-04:00,99.62225236079951,100.4236541331215,99.55012913611148,100.16720581054688,16216800,0.348,0.0,0.0,0.008130393438433803,0.008097519852953355,0.05697942264453536,0.0592376226826764
2019-08-02 00:00:00-04:00,100.13513463493507,100.2954186349223,100.04697996349445,100.27137756347656,14629500,0.0,0.0,0.0,0.001039978624608029,0.001039438221477558,0.05721428822711018,0.048850503412367914
2019-08-05 00:00:00-04:00,100.58392881442656,100.58392881442656,100.27939225613329,100.343505859375,12715500,0.0,0.0,0.0,0.0007193308564328316,0.0007190722619948649,0.05426135071839742,0.04825506433089487
2019-08-06 00:00:00-04:00,100.64003350251134,101.00867757479551,100.43968306447364,100.9686050415039,14920200,0.0,0.0,0.0,0.006229592804988693,0.006210269102737863,0.05582293635253682,0.05068446750243813
2019-08-07 00:00:00-04:00,101.35326888406317,101.50553715595849,100.86441338249239,100.95256805419922,24644100,0.0,0.0,0.0,-0.00015883142386774463,-0.00015884403891414342,0.05917810203155323,0.050728033116160226
2019-08-08 00:00:00-04:00,100.80033272786153,101.26514730983388,100.59998224744704,101.2250747680664,8353800,0.0,0.0,0.0,0.0026993539552246926,0.002695717242383645,0.04011636133044154,0.043776452838835606
2019-08-09 00:00:00-04:00,101.22506549095787,101.25712229859161,100.88847818211995,100.92855072021484,6375900,0.0,0.0,0.0,-0.0029293537054032592,-0.0029336526594595774,0.05418950674533743,0.046498408047977356
2019-08-12 00:00:00-04:00,101.21702730698587,101.64176918838375,101.18497050839991,101.56163024902344,8075100,0.0,0.0,0.0,0.006272551466270038,0.006252960894555481,0.0638439027933229,0.04974249331260167
2019-08-13 00:00:00-04:00,101.63375936244097,101.7379393782386,101.33723854395768,101.48149108886719,10955000,0.0,0.0,0.0,-0.0007890692573538916,-0.0007893807363634613,0.056499250553723956,0.04867233779456789
2019-08-14 00:00:00-04:00,101.85817698948132,101.93831595406029,101.64180117369699,101.77803802490234,9070900,0.0,0.0,0.0,0.002922177560196415,0.002917916298773051,0.05668666256529181,0.046989239611044745
2019-08-15 00:00:00-04:00,101.8982349092426,102.5794251817481,101.8180959561614,102.27489471435547,11378300,0.0,0.0,0.0,0.004881767217123523,0.004869890030298928,0.06120517421581527,0.04845304500666522
2019-08-16 00:00:00-04:00,102.03447890229995,102.4992934226887,101.83412844843005,102.45922088623047,10842200,0.0,0.0,0.0,0.001802262152308387,0.0018006400265803335,0.04350796186725401,0.04701777529199581
2019-08-19 00:00:00-04:00,101.91427631487407,102.27491083188727,101.77803946174541,102.12264251708984,7226200,0.0,0.0,0.0,-0.003284998326449906,-0.0032904057790149035,0.050768560456657535,0.049999613109551755
2019-08-20 00:00:00-04:00,102.45924222300344,102.75576315759618,102.3550621664118,102.71569061279297,11402300,0.0,0.0,0.0,0.0058072145518941465,0.005790417678793017,0.05652425370328122,0.05218392924376995
2019-08-21 00:00:00-04:00,102.47524280751227,103.1644426795963,102.47524280751227,102.89997863769531,9344000,0.0,0.0,0.0,0.0017941565091261769,0.0017925489328782698,0.05646729088541905,0.05202257971678679
2019-08-22 00:00:00-04:00,102.77978666380885,102.98013712514181,102.48326577992016,102.5233383178711,7054000,0.0,0.0,0.0,-0.0036602565404832976,-0.0036669716705280313,0.06308536937165805,0.052601732393642374
2019-08-23 00:00:00-04:00,102.41112920083143,103.14842344924118,102.39509774205618,102.89997863769531,7998600,0.0,0.0,0.0,0.00367370323678351,0.003666971670528012,0.06682303263928625,0.05307928517640714
2019-08-26 00:00:00-04:00,102.96411179326408,103.15645264982473,102.74774208660861,102.90802001953125,6305900,0.0,0.0,0.0,7.814755593149592e-05,7.814450257032099e-05,0.057239695813952565,0.0527073844471612
2019-08-27 00:00:00-04:00,103.18048773871848,103.54111612396558,103.18048773871848,103.46098327636719,12644100,0.0,0.0,0.0,0.005373373783024826,0.005358988717997638,0.05524969953758537,0.05355180081786035
2019-08-28 00:00:00-04:00,103.7013940475841,103.74948843024922,103.38884781658038,103.46098327636719,8935800,0.0,0.0,0.0,0.0,0.0,0.05601230241571798,0.05390350916189767
2019-08-29 00:00:00-04:00,103.4288855591064,103.46094847009657,102.8598972874161,103.23655700683594,17900500,0.0,0.0,0.0,-0.0021691874794168564,-0.002171543574401733,0.048542931827244236,0.05074983586010662
2019-08-30 00:00:00-04:00,103.11637201549206,103.25260885920369,102.91602155795941,103.2205581665039,8653700,0.0,0.0,0.0,-0.00015497262593688887,-0.0001549846354350621,0.044655477379185154,0.051074431791858596
2019-09-03 00:00:00-04:00,103.15546693826447,103.436724587347,102.80993373784831,103.12332916259766,22683500,0.349,0.0,0.0,-0.0009419538668780092,-0.0009423977842099972,0.04600986211717371,0.051728198696977444
2019-09-04 00:00:00-04:00,102.91438779251432,103.4286779588802,102.91438779251432,103.31617736816406,8502600,0.0,0.0,0.0,0.0018700735045349415,0.00186832709401715,0.0234438817900217,0.048513563450991
2019-09-05 00:00:00-04:00,102.81790546997028,103.05095018953618,102.39200968498649,102.56076049804688,19042800,0.0,0.0,0.0,-0.007311699768229762,-0.00733856126051739,0.054651810994385916,0.05698579056600995
2019-09-06 00:00:00-04:00,102.72955565183847,103.01081325915689,102.68134286467411,102.93045043945312,8914800,0.0,0.0,0.0,0.003604594384938098,0.003598113404133561,0.06599906606948819,0.057475161802438134
2019-09-09 00:00:00-04:00,102.43226264425984,102.5045818443191,102.17511749267578,102.17511749267578,7219000,0.0,0.0,0.0,-0.007338284672344431,-0.007365342335801757,0.08102886551191776,0.06316156173638107
2019-09-10 00:00:00-04:00,102.0304237521322,102.04649263412061,101.30720144623197,101.31523895263672,9863400,0.0,0.0,0.0,-0.008415733312963414,-0.008451345539316382,0.09144640125695165,0.06712655202021046
2019-09-11 00:00:00-04:00,101.25096268264475,101.50810773946304,101.1786435092373,101.23489379882812,8165800,0.0,0.0,0.0,-0.0007930214115781098,-0.000793336019395874,0.08313751594225632,0.06712708146699888
2019-09-12 00:00:00-04:00,101.7813366623784,101.86169335009328,101.03400781806755,101.0982894897461,11506000,0.0,0.0,0.0,-0.0013493796847704465,-0.001350290917362024,0.07908092376211208,0.06627231931810336
2019-09-13 00:00:00-04:00,100.73666529588156,100.92148503512678,100.19023132324219,100.19023132324219,8984600,0.0,0.0,0.0,-0.008981934027637584,-0.009022514775567132,0.06315514064093589,0.06998811032159673
2019-09-16 00:00:00-04:00,100.55186580979448,100.792942028647,100.39115241777475,100.6965103149414,11464700,0.0,0.0,0.0,0.005053177191155722,0.005040452739230994,0.09307594035985627,0.07262827394411703
2019-09-17 00:00:00-04:00,100.65631583781193,101.09828064699771,100.57595915712558,100.9536361694336,12480700,0.0,0.0,0.0,0.002553473339721446,0.002550218765807609,0.0842639050209186,0.07299585036012415
2019-09-18 00:00:00-04:00,101.3072218701,101.62061724403479,100.87328839907745,101.2027587890625,9162300,0.0,0.0,0.0,0.0024676933796698997,0.0024646536241246064,0.08717515088381837,0.0700313707096512
2019-09-19 00:00:00-04:00,101.5804290967206,101.74114245192925,101.41970961069042,101.49203491210938,9042800,0.0,0.0,0.0,0.0028583817922376298,0.002854304387008492,0.08833848799482939,0.07063984715924988
2019-09-20 00:00:00-04:00,101.80543233783244,102.23936576279635,101.70096313706124,102.19114685058594,10406200,0.0,0.0,0.0,0.00688834290377538,0.0068647266589639015,0.03093391213211976,0.07455118166594692
2019-09-23 00:00:00-04:00,102.3679430131121,102.52062500689038,102.09472905669,102.11883544921875,9526600,0.0,0.0,0.0,-0.0007076092557500857,-0.0007078597293447567,0.042884502708501575,0.07317889958835588
2019-09-24 00:00:00-04:00,102.38401917674295,102.57687644995771,102.28758747472449,102.44026947021484,12638700,0.0,0.0,0.0,0.003147646754706024,0.0031427032854732845,0.04286624369663919,0.07423222271174737
2019-09-25 00:00:00-04:00,102.27959109805215,102.34387892525082,101.75726323100618,101.86173248291016,13852300,0.0,0.0,0.0,-0.005647554328943816,-0.005663562062038338,0.07503565502304235,0.07352830329023337
2019-09-26 00:00:00-04:00,102.20725758219832,102.27153926957331,102.0545755466822,102.07868194580078,8377600,0.0,0.0,0.0,0.00212984265633831,0.002127577756817536,0.07426147731443695,0.07420902864214518
2019-09-27 00:00:00-04:00,102.17507798846684,102.23132827703941,101.99828961557543,102.10275268554688,8627800,0.0,0.0,0.0,0.00023580574599191273,0.0002357779481868269,0.054272099889073354,0.07405201041162635
2019-09-30 00:00:00-04:00,102.02240489229033,102.46437586301393,101.94204820601936,102.44026947021484,10769500,0.0,0.0,0.0,0.003305658033603054,0.003300206357034028,0.059030017050789765,0.0753000267962773
2019-10-01 00:00:00-04:00,101.9697565445457,102.85603464771232,101.9697565445457,102.55792236328125,13233900,0.336,0.0,0.0,0.0011485023777746406,0.0011478433534644907,0.05525280933208582,0.07545438213171514
2019-10-02 00:00:00-04:00,102.52566739065169,102.60623643031623,102.30007162078151,102.51760864257812,11377000,0.0,0.0,0.0,-0.00039308246280889136,-0.0003931597399717038,0.023454845033751892,0.0750318471755851
2019-10-03 00:00:00-04:00,102.67071290803027,103.0655055775441,102.67071290803027,102.92047882080078,13985000,0.0,0.0,0.0,0.0039297656622798716,0.003922064302964365,0.03008214753892182,0.07179299229503924
2019-10-04 00:00:00-04:00,103.15413056039019,103.34750366210938,103.08967285981713,103.34750366210938,9168500,0.0,0.0,0.0,0.004149075540661906,0.0041404918614387195,0.031332861755196895,0.07216204882160532
2019-10-07 00:00:00-04:00,103.05748428255913,103.12999460944609,102.81577089888256,102.8238296508789,6989300,0.0,0.0,0.0,-0.005067118146777849,-0.005079999522661042,0.059908587438609516,0.06940807036159799
2019-10-08 00:00:00-04:00,103.05742785494648,103.12187939454758,102.71097547311932,102.73514556884766,8635500,0.0,0.0,0.0,-0.0008624856935630643,-0.0008628578483497046,0.06076803894592963,0.06152169015543058
2019-10-09 00:00:00-04:00,102.9526919822652,102.9526919822652,102.54984062459658,102.77543640136719,9929500,0.0,0.0,0.0,0.0003921815878726864,0.0003921047047745201,0.060416788961602484,0.06128275445289856
2019-10-10 00:00:00-04:00,102.43704120428484,102.48538139943452,102.0503073490399,102.17115783691406,7962200,0.0,0.0,0.0,-0.005879601056552497,-0.005896953963054718,0.06535271806634095,0.06532956195094448
2019-10-11 00:00:00-04:00,101.91336153082817,102.13895736689899,101.55885642287068,101.98587799072266,11061500,0.0,0.0,0.0,-0.0018134261186228962,-0.001815072366300158,0.04305375989188465,0.0557275378386651
2019-10-14 00:00:00-04:00,102.24368022196911,102.3645368638947,102.08253598372694,102.32424926757812,2276500,0.0,0.0,0.0,0.0033178248157677004,0.0033123329789626413,0.05328498290735722,0.05433291199834486
2019-10-15 00:00:00-04:00,102.36453944565073,102.36453944565073,101.97779941113963,102.0503158569336,13199100,0.0,0.0,0.0,-0.002677111365148588,-0.002680701236200416,0.05459737148886353,0.05526808655164892
2019-10-16 00:00:00-04:00,102.11477010759536,102.25174425393465,101.92946190782227,102.16311645507812,7793500,0.0,0.0,0.0,0.0011053429594736208,0.0011047325177348335,0.056226691419035975,0.054849844965426
2019-10-17 00:00:00-04:00,102.17922821794846,102.47734046503291,102.09060041873482,102.30814361572266,5795300,0.0,0.0,0.0,0.001419564767371817,0.0014185581378453646,0.039154612790365084,0.05425624199565571
2019-10-18 00:00:00-04:00,102.43705749511719,102.5981956025915,102.36454719086119,102.43705749511719,5978200,0.0,0.0,0.0,0.0012600549168280128,0.0012592617138808978,0.03467249321871447,0.04873489909337481
2019-10-21 00:00:00-04:00,102.24366436008597,102.32423339319567,102.16309532697629,102.20337677001953,6457700,0.0,0.0,0.0,-0.0022812127838481855,-0.002283818713605277,0.03264922343994988,0.0494067963769664
2019-10-22 00:00:00-04:00,102.5176366597009,102.53375416025278,102.22758312002065,102.38066864013672,5820000,0.0,0.0,0.0,0.00173469679496141,0.0017331939462164445,0.026253339350042194,0.04847612894557579
2019-10-23 00:00:00-04:00,102.57402550117284,102.62237185103496,102.39676989473622,102.43705749511719,4986100,0.0,0.0,0.0,0.0005507763890337802,0.0005506247673889485,0.025937604436574217,0.043697928474820506
2019-10-24 00:00:00-04:00,102.54179441053337,102.77544896418493,102.54179441053337,102.66265106201172,9154900,0.0,0.0,0.0,0.0022022651998305776,0.002199843768263362,0.028119321141855967,0.043739212247364725
2019-10-25 00:00:00-04:00,102.71097635580792,102.71097635580792,102.34840647569709,102.4853744506836,6263000,0.0,0.0,0.0,-0.0017267877801153686,-0.001728280396669652,0.03204744073347695,0.04432170775218684
2019-10-28 00:00:00-04:00,102.16312601307074,102.27592392270934,102.09866830841295,102.17923736572266,9081600,0.0,0.0,0.0,-0.0029871294962995343,-0.0029915998722274827,0.035547031305078046,0.0440841019010554
2019-10-29 00:00:00-04:00,102.13894113713796,102.22756893680086,101.90529273478073,101.91334533691406,9236700,0.0,0.0,0.0,-0.002602211913726671,-0.002605603552267811,0.035198135787412904,0.04465499820079761
2019-10-30 00:00:00-04:00,101.88917699827687,102.33231600425385,101.86500689740987,102.27591705322266,12250700,0.0,0.0,0.0,0.003557647088415772,0.0035513336316160926,0.04742381902920571,0.046713767205837614
2019-10-31 00:00:00-04:00,102.65457890086282,102.96074369885274,102.5337222724114,102.89628601074219,18082800,0.0,0.0,0.0,0.006065640625805502,0.006047318679934893,0.06499854922066065,0.049686597653426305
2019-11-01 00:00:00-04:00,102.90839320071184,103.27194516346962,102.84376708251652,102.99726104736328,11238400,0.345,0.0,0.0,0.000981328292165573,0.0009808471043334962,0.0620303925019254,0.04739152135836201
2019-11-04 00:00:00-05:00,102.72260222736413,102.74683779666056,102.48023420705043,102.5125503540039,10122100,0.0,0.0,0.0,-0.004706054204067445,-0.00471716254181491,0.0697201458080239,0.04691111381318601
2019-11-05 00:00:00-05:00,102.06824213439697,102.24597791495323,101.80971904368151,101.9228286743164,10409200,0.0,0.0,0.0,-0.005752677868719802,-0.005769288253478141,0.08158317435509602,0.050938436034250884
2019-11-06 00:00:00-05:00,102.20558258000044,102.52065738951582,102.19750200025798,102.49642181396484,8496500,0.0,0.0,0.0,0.005627719982942203,0.005611943529471446,0.08827296607720879,0.05521775256801842
2019-11-07 00:00:00-05:00,102.0520504126823,102.14899884819081,101.58347555323614,101.69657897949219,14799000,0.0,0.0,0.0,-0.007803617144063857,-0.007834224701418292,0.08752997006647509,0.05821578420051619
2019-11-08 00:00:00-05:00,101.68042625470278,101.93086868075453,101.55924224853516,101.55924224853516,6256300,0.0,0.0,0.0,-0.0013504557610017898,-0.0013513684481713038,0.08344131655122221,0.058071402076323865
2019-11-11 00:00:00-05:00,101.76121551022314,101.78545107919155,101.5188536568643,101.59156036376953,3231600,0.0,0.0,0.0,0.0003182193419215551,0.0003181687208855457,0.08382234012963555,0.05661707991131588
2019-11-12 00:00:00-05:00,101.68045701782043,101.7693249049851,101.47848566766008,101.68853759765625,9936600,0.0,0.0,0.0,0.0009545796278693786,0.000954124306473721,0.07711326642434693,0.05610528066968391
2019-11-13 00:00:00-05:00,101.97935499050126,102.06821669495487,101.88240654426761,101.93087768554688,10280100,0.0,0.0,0.0,0.002383160320875932,0.0023803250979521663,0.06318286438840745,0.05667150544367899
2019-11-14 00:00:00-05:00,102.31057303308185,102.52870547125302,102.31057303308185,102.46407318115234,10163800,0.0,0.0,0.0,0.005230951677374529,0.005217317774505668,0.039302548324053374,0.05957438771666849
2019-11-15 00:00:00-05:00,102.39137962283009,102.5933509447266,102.27827617566207,102.4802474975586,5411900,0.0,0.0,0.0,0.0001578535373822909,0.0001578410798236214,0.03341023832798471,0.059413771606893276
2019-11-18 00:00:00-05:00,102.63374236985143,102.73876523288621,102.52871950681667,102.59334564208984,9148900,0.0,0.0,0.0,0.001103609205607592,0.0011030006766458657,0.031619787104710646,0.05888158947491907
2019-11-19 00:00:00-05:00,102.66605254741822,102.82762712171555,102.63373639982377,102.7953109741211,3818800,0.0,0.0,0.0,0.0019686006998527183,0.0019666655447772114,0.03037111170669698,0.058968397435316
2019-11-20 00:00:00-05:00,102.93268333518931,103.04578679981222,102.85188986302161,102.94075775146484,5395800,0.0,0.0,0.0,0.0014149164584011942,0.0014139164073237425,0.030716556254806942,0.05911448800946029
2019-11-21 00:00:00-05:00,102.73876245019936,102.84379147406469,102.60950401947872,102.69837188720703,8425700,0.0,0.0,0.0,-0.002354615116036185,-0.002357391581402992,0.027051142471741684,0.05933301138045873
2019-11-22 00:00:00-05:00,102.94075103266607,103.01346392013582,102.78725700565421,102.98114776611328,5276600,0.0,0.0,0.0,0.0027534601932814873,0.0027496763659174447,0.031195066632203717,0.059709679272840335
2019-11-25 00:00:00-05:00,103.11849163653937,103.39317587678177,103.11041105673554,103.33662414550781,6808600,0.0,0.0,0.0,0.0034518587829481806,0.0034459147930345265,0.035895059162915154,0.059456475089478086
2019-11-26 00:00:00-05:00,103.44969504086272,103.67590189474595,103.43353388634279,103.60319519042969,8688800,0.0,0.0,0.0,0.0025796376369573437,0.0025763160828327497,0.036707537367650735,0.05862904699955639
2019-11-27 00:00:00-05:00,103.40121732448969,103.63550475468921,103.39314291093673,103.59510803222656,7264000,0.0,0.0,0.0,-7.805896515311606e-05,-7.806201191268874e-05,0.038584696269449235,0.057799386662616505
2019-11-29 00:00:00-05:00,103.55472743264376,103.61935973317708,103.28004940089026,103.38507843017578,5260900,0.0,0.0,0.0,-0.0020274084948629367,-0.0020294664695060974,0.036670427369321607,0.05479812744987675
2019-12-02 00:00:00-05:00,102.9363021850586,103.00110971379536,102.71758450105463,102.9363021850586,14911500,0.346,0.0,0.0,-0.004340822214690121,-0.0043502709368359515,0.051128894674460974,0.05705654226495195
2019-12-03 00:00:00-05:00,103.39802967399976,103.82736867251879,103.29272209071299,103.73016357421875,9376800,0.0,0.0,0.0,0.007712161524249694,0.007682574827454813,0.07366421354804435,0.06046510750123868
2019-12-04 00:00:00-05:00,103.56814409911907,103.70586162145217,103.25221517093958,103.59244537353516,11177600,0.0,0.0,0.0,-0.0013276581848350455,-0.0013285403038176941,0.0728320639126785,0.056190499407053555
2019-12-05 00:00:00-05:00,103.43043187541028,103.56814321618423,103.26031677556276,103.47903442382812,5700600,0.0,0.0,0.0,-0.0010947801193232909,-0.0010953798288181006,0.07324633749482314,0.05356521919194037
2019-12-06 00:00:00-05:00,103.17931383327151,103.57624907919515,103.12260879813957,103.42233276367188,6149500,0.0,0.0,0.0,-0.0005479531237604363,-0.0005481033049373582,0.07167717967281304,0.044019813550563225
2019-12-09 00:00:00-05:00,103.6734925454399,103.68158885269708,103.38186479411422,103.40616607666016,4545300,0.0,0.0,0.0,-0.00015631717618147523,-0.00015632939498461568,0.06073844111609444,0.04342989989542469
2019-12-10 00:00:00-05:00,103.54387746467862,103.63298628760519,103.30895476608919,103.40616607666016,6425500,0.0,0.0,0.0,0.0,0.0,0.009155910934804402,0.043501561348999934
2019-12-11 00:00:00-05:00,103.59243958864633,103.92456728776122,103.55193952700952,103.8111572265625,4417100,0.0,0.0,0.0,0.0039165087080212935,0.003908859154315295,0.03171481327789646,0.044811449350884526
2019-12-12 00:00:00-05:00,103.7625451088894,103.79495504382488,103.01727729536347,103.33320617675781,10375000,0.0,0.0,0.0,-0.004604043173910388,-0.004614674424391915,0.047935702855582414,0.04872118938374428
2019-12-13 00:00:00-05:00,103.72208380431829,104.06232646469589,103.44666104189244,104.005615234375,12474100,0.0,0.0,0.0,0.006507192435962761,0.006486112059223634,0.06757841423547936,0.05047848586574518
2019-12-16 00:00:00-05:00,103.88410100930139,103.94079987458127,103.66537713288382,103.77069091796875,8062600,0.0,0.0,0.0,-0.0022587657010331164,-0.0022613205602231086,0.07163161219954299,0.05157257547085852
2019-12-17 00:00:00-05:00,103.86787670912418,103.97319047461315,103.66535784365806,103.68965911865234,10886800,0.0,0.0,0.0,-0.0007808736609498101,-0.0007811787015961347,0.07233181355012143,0.05177688144248438
2019-12-18 00:00:00-05:00,103.69777565822518,103.77878816452807,103.53576300639244,103.61677551269531,10205500,0.0,0.0,0.0,-0.0007029013941846074,-0.0007031485451915587,0.06596519483730694,0.05166522514724412
2019-12-19 00:00:00-05:00,103.61350837693416,103.83280209414848,103.55665399123689,103.7190933227539,9307000,0.336,0.0,0.0,0.0009874637533577868,0.0009869765317417666,0.054246250515022784,0.05157639690636016
2019-12-20 00:00:00-05:00,103.66222825723167,103.74345411128516,103.54040186947674,103.68659973144531,8336900,0.0,0.0,0.0,-0.0003132845676492302,-0.0003133336515111391,0.01843788361395664,0.050640501575656346
2019-12-23 00:00:00-05:00,103.80034504875158,103.84907562101606,103.5323145079673,103.73536682128906,3827500,0.0,0.0,0.0,0.00047033165298171475,0.00047022108171856794,0.012232793561076389,0.049926755796803675
2019-12-24 00:00:00-05:00,103.60537052875007,103.93025534447541,103.55663997522312,103.84091186523438,2638000,0.0,0.0,0.0,0.0010174451315831945,0.0010169278851021816,0.012291064305395697,0.04866532761733724
2019-12-26 00:00:00-05:00,103.99523754803337,104.04398049966494,103.80031531481158,104.0277328491211,3879900,0.0,0.0,0.0,0.001799107697832758,0.0017974912420734956,0.012368935762001062,0.04824637379953408
2019-12-27 00:00:00-05:00,104.24702790511758,104.28762843959926,104.17391967773438,104.17391967773438,8752100,0.0,0.0,0.0,0.001405267851269043,0.0014042813864588502,0.013117433834361463,0.04841638256853684
2019-12-30 00:00:00-05:00,103.88154171549857,104.36886592015102,103.7840743959027,104.36074829101562,9993800,0.0,0.0,0.0,0.0017934298129436144,0.0017918235379042508,0.008951195813886682,0.047894899131266405
2019-12-31 00:00:00-05:00,103.97086643534503,104.16580105095566,103.87340532420242,103.93025970458984,5499400,0.0,0.0,0.0,-0.0041250047884415775,-0.004133536089882662,0.04028827663848895,0.04761243230947855
2020-01-02 00:00:00-05:00,104.23892541662401,104.42574245521686,104.0115078328255,104.14958190917969,15348700,0.0,0.0,0.0,0.0021102824645415907,0.00210805894611998,0.042087775607946736,0.03985459829617999
2020-01-03 00:00:00-05:00,104.2876504366632,104.53944568484809,104.18207167408569,104.50695037841797,10110900,0.0,0.0,0.0,0.0034313000848136266,0.003425426606620254,0.046399880096657874,0.04099145543639656
2020-01-06 00:00:00-05:00,104.52319885795073,104.66127292804991,104.07648134096618,104.15770721435547,13894300,0.0,0.0,0.0,-0.0033418175805330907,-0.0033474139243556624,0.05477478024564391,0.042843467728098904
2020-01-07 00:00:00-05:00,104.1008565247083,104.10897415548796,103.83282598902684,103.88968658447266,8211700,0.0,0.0,0.0,-0.0025732193713829954,-0.002576535790821105,0.05440624420342422,0.043982156926309975
2020-01-08 00:00:00-05:00,103.9708805941372,104.22267582108753,103.69473247941025,103.74346923828125,12268500,0.0,0.0,0.0,-0.0014074288892239606,-0.0014084202475498151,0.047200215135770766,0.04435024035957715
2020-01-09 00:00:00-05:00,103.71910874499792,104.27953505639036,103.68662583119519,104.23892211914062,14415100,0.0,0.0,0.0,0.004775750073688023,0.004764382357850573,0.05843197501570735,0.04725698843617227
2020-01-10 00:00:00-05:00,104.34449117657877,104.65313456231026,104.29576061953186,104.53129577636719,8263500,0.0,0.0,0.0,0.002804841524477686,0.0028009152964072062,0.05636660745581373,0.04631689895142704
2020-01-13 00:00:00-05:00,104.38510163136326,104.40946690930927,104.23077994215484,104.27951049804688,4477400,0.0,0.0,0.0,-0.00240870713837682,-0.002411612740183018,0.05312347791822244,0.04378927437798953
2020-01-14 00:00:00-05:00,104.25515552941815,104.42572488523255,104.2226726200532,104.40947723388672,11066300,0.0,0.0,0.0,0.001246330513243743,0.001245554488091915,0.04695031308126772,0.03771294442520863
2020-01-15 00:00:00-05:00,104.61254420108365,104.66939239879329,104.48258775870666,104.63690948486328,8712400,0.0,0.0,0.0,0.0021782720975327408,0.00217590310245413,0.04199631427114297,0.037166495139648946
2020-01-16 00:00:00-05:00,104.6937375668857,104.86430691389864,104.57191117139509,104.7830810546875,13926100,0.0,0.0,0.0,0.0013969408170007025,0.0013959660029103913,0.03221569594038019,0.03703824199934083
2020-01-17 00:00:00-05:00,104.7180874999567,104.84804389831946,104.45006946915436,104.76683044433594,13727800,0.0,0.0,0.0,-0.00015508811334796757,-0.00015510014075297292,0.028679847540893026,0.03684748503132167
2020-01-21 00:00:00-05:00,105.06734876637806,105.31913155434822,104.83181362730674,105.27040100097656,16807300,0.0,0.0,0.0,0.004806583863469882,0.004795069122223017,0.029086824020353806,0.03981667779865201
2020-01-22 00:00:00-05:00,105.45721929985791,105.48971460188115,105.3191452495754,105.32726287841797,9928600,0.0,0.0,0.0,0.0005401506681910195,0.0005400048393295209,0.03047720712298352,0.039630471442871365
2020-01-23 00:00:00-05:00,105.5140549500494,105.5871507723403,105.3759809323921,105.46532440185547,13623200,0.0,0.0,0.0,0.0013107862073362675,0.0013099278770720372,0.030337184952904828,0.03965333512038171
2020-01-24 00:00:00-05:00,105.69278116444676,105.7658770139001,105.55470709548108,105.64405059814453,11604500,0.0,0.0,0.0,0.0016946441619811736,0.0016932098727412688,0.030297683783607986,0.039768427489284164
2020-01-27 00:00:00-05:00,105.74152339546657,105.95269333718048,105.70091045462517,105.84711456298828,10461200,0.0,0.0,0.0,0.001922152394706833,0.0019203074236246738,0.025801986208883368,0.03980917372573035
2020-01-28 00:00:00-05:00,105.95271497694311,106.04205850770987,105.68468438464284,105.79027557373047,12055900,0.0,0.0,0.0,-0.0005369913907665724,-0.0005371356222798163,0.01587912712813269,0.04005919050481965
2020-01-29 00:00:00-05:00,106.07448422063844,106.30190171457626,106.06635420014672,106.13133239746094,11174700,0.0,0.0,0.0,0.0032238957870260876,0.003218710177257821,0.021548482316207884,0.04085627729572193
2020-01-30 00:00:00-05:00,106.17197718612144,106.35878181363941,105.9689249060674,106.19634246826172,14619200,0.0,0.0,0.0,0.0006125436224366787,0.0006123560941675739,0.02252932497662657,0.03643480628853951
2020-01-31 00:00:00-05:00,106.36690964732803,106.5293489893624,106.21258793473079,106.47248840332031,20194800,0.0,0.0,0.0,0.0026003337651776537,0.00259695874684916,0.024175353841684694,0.036659154584088784
2020-02-03 00:00:00-05:00,106.33159325317754,106.51887929857287,106.20130190626483,106.38858795166016,11216300,0.337,0.0,0.0,-0.0007880012284707805,-0.000788311864637324,0.02885243120825324,0.036165713614025964
2020-02-04 00:00:00-05:00,106.20131310051687,106.26645878083998,105.96517088145517,106.1280288696289,16799300,0.0,0.0,0.0,-0.002449126236637733,-0.0024521302521103173,0.03731528230520788,0.03489513395160317
2020-02-05 00:00:00-05:00,105.9977815387102,106.11178342031312,105.93263583132665,106.06292724609375,9587500,0.0,0.0,0.0,-0.0006134253526476341,-0.0006136135749567631,0.029752609038629852,0.03291564378874332
2020-02-06 00:00:00-05:00,106.09546851113178,106.21762134273676,106.00589473806289,106.01404571533203,11028900,0.0,0.0,0.0,-0.0004608729179075288,-0.00046097915247243564,0.029037799222870274,0.03214551856958997
2020-02-07 00:00:00-05:00,106.44560880263569,106.58403871710735,106.33160696570208,106.42118072509766,11517200,0.0,0.0,0.0,0.0038403874412911154,0.003833031979309551,0.037154539202404635,0.030867224165843744
2020-02-10 00:00:00-05:00,106.59218691533809,106.72247829084563,106.51076412459797,106.67362213134766,10405800,0.0,0.0,0.0,0.0023720974013818896,0.002369288419583033,0.04009383955808073,0.030575587936282355
2020-02-11 00:00:00-05:00,106.58406659733583,106.73064752617499,106.50263136739503,106.5189208984375,10052700,0.0,0.0,0.0,-0.001450229492720112,-0.0014512820933089187,0.035803153666407565,0.029314719177781334
2020-02-12 00:00:00-05:00,106.42933701535857,106.5189107896842,106.34791421841645,106.47005462646484,7069100,0.0,0.0,0.0,-0.00045875673129702754,-0.00045886199236032794,0.03545056491803304,0.029795369063179724
2020-02-13 00:00:00-05:00,106.47007380881367,106.60036521771971,106.38050001834984,106.39678955078125,5437400,0.0,0.0,0.0,-0.0006881284689919109,-0.0006883653380572946,0.03597983177417907,0.030002100332062537
2020-02-14 00:00:00-05:00,106.72247906224808,106.78762475047273,106.55148250276923,106.65733337402344,8254500,0.0,0.0,0.0,0.002448794031683077,0.002445800621412474,0.029078469450840475,0.030491277468529254
2020-02-18 00:00:00-05:00,106.77951621166457,106.95866379831836,106.6980809721772,106.8609390258789,9650900,0.0,0.0,0.0,0.0019089700202936655,0.0019071502525777738,0.027274517674289015,0.0304344386801214
2020-02-19 00:00:00-05:00,106.77133492120342,106.9097648488146,106.68176115330564,106.71434020996094,10731500,0.0,0.0,0.0,-0.0013718653163103944,-0.0013728071850433576,0.026952041233336648,0.02796472073280723
2020-02-20 00:00:00-05:00,106.80391054089169,107.0726318359375,106.78762101308824,107.0726318359375,13706000,0.0,0.0,0.0,0.0033574834016836252,0.0033518596385659002,0.032603288604766856,0.029518987704418253
2020-02-21 00:00:00-05:00,107.30874508907364,107.52861016658815,107.21917134825408,107.28431701660156,12192700,0.0,0.0,0.0,0.001977024166067265,0.0019750724257924183,0.02846173572944148,0.02975854533242374
2020-02-24 00:00:00-05:00,107.50419661432227,107.61819844301172,107.29247005727939,107.30062103271484,17894700,0.0,0.0,0.0,0.0001519701720313904,0.0001519586257345771,0.029135113331539668,0.029686382797696833
2020-02-25 00:00:00-05:00,107.40648651123047,107.65077972747763,107.28434611574144,107.40648651123047,19930500,0.0,0.0,0.0,0.0009866250306542756,0.000986138636078471,0.028458495685848927,0.02939324856542167
2020-02-26 00:00:00-05:00,107.08073049897551,107.52044818371805,106.99929531556252,107.0074462890625,23073400,0.0,0.0,0.0,-0.0037152339223595066,-0.0037221525454264625,0.04234332541632045,0.03314089993778484
2020-02-27 00:00:00-05:00,107.18666459593425,107.40651737098199,106.42121809689269,106.43750762939453,29687900,0.0,0.0,0.0,-0.005326158874293441,-0.005340393424619146,0.05023292416320806,0.037662623135973135
2020-02-28 00:00:00-05:00,106.68174347565967,107.7240494610628,106.47816789374082,107.63447570800781,25073300,0.0,0.0,0.0,0.011245735692919645,0.011182972514350412,0.10269438014728628,0.05453878285297401
2020-03-02 00:00:00-05:00,107.66633851284692,108.18887126089678,107.44590376940954,107.52754211425781,15922600,0.349,0.0,0.0,-0.0009934883135408468,-0.0009939821501631202,0.10337710841746497,0.05435065278847973
2020-03-03 00:00:00-05:00,107.63366895417902,109.39722137683042,107.56835081354436,108.75221252441406,39141000,0.0,0.0,0.0,0.011389364864816898,0.011324994347254494,0.1298387846853101,0.06638371403559744
2020-03-04 00:00:00-05:00,109.08699334263055,109.45439708391379,108.79306785797098,108.9073715209961,23702000,0.0,0.0,0.0,0.00142672036715763,0.001425703568664448,0.11895763902341196,0.06504158236041124
2020-03-05 00:00:00-05:00,109.17678946890882,109.29925321336442,108.6379240769777,108.86653137207031,22089500,0.0,0.0,0.0,-0.0003749989404335796,-0.000375069270119164,0.09924738602064044,0.064953934191253
2020-03-06 00:00:00-05:00,109.56870405925909,109.83813679985587,108.98902562859519,109.62586212158203,30099900,0.0,0.0,0.0,0.0069748777695191055,0.006950665827928965,0.08461730809194971,0.06757022029988356
2020-03-09 00:00:00-04:00,107.19278728282323,108.76855802365705,106.4253270705642,106.96417999267578,27166000,0.0,0.0,0.0,-0.024279691647526302,-0.02457930294886586,0.2195787848561351,0.11367206089076698
2020-03-10 00:00:00-04:00,106.88252876523059,107.24993240451934,104.55561828613281,104.55561828613281,30024700,0.0,0.0,0.0,-0.02251746058080273,-0.022774849768907042,0.23096363933858852,0.13908640206648423
2020-03-11 00:00:00-04:00,104.57197599647718,104.72710506001525,100.58765567970133,101.11835479736328,37310300,0.0,0.0,0.0,-0.03287497644902182,-0.03342750176098392,0.27012124560865763,0.17942084498200409
2020-03-12 00:00:00-04:00,99.14248132122698,102.71040452461887,94.48050754082814,96.29304504394531,41021400,0.0,0.0,0.0,-0.04771942505480509,-0.04889556603155846,0.317793692708568,0.24027040047930118
2020-03-13 00:00:00-04:00,99.19150800604322,101.24081989483155,97.35447699988701,100.4651870727539,33470600,0.0,0.0,0.0,0.04332755316756831,0.042415175773623325,0.5566484341794473,0.29505621339818416
2020-03-16 00:00:00-04:00,94.97039795741965,99.64870521784812,94.06412904429519,99.03636169433594,19928900,0.0,0.0,0.0,-0.014222094439372834,-0.01432419766173666,0.5527144217769097,0.2971254606205283
2020-03-17 00:00:00-04:00,97.52595339940953,98.83229182282405,94.21113428834083,94.97860717773438,19074000,0.0,0.0,0.0,-0.040972370624087984,-0.04183539390275508,0.5836105104664853,0.3244426073157536
2020-03-18 00:00:00-04:00,92.03115535350244,93.65590518113173,88.43873857211018,90.2267837524414,23808700,0.0,0.0,0.0,-0.050030460189849246,-0.05132535825932703,0.6217105654836559,0.3599157477183076
2020-03-19 00:00:00-04:00,89.05926169719741,89.81040174407735,85.68728535419385,85.76893615722656,29077100,0.0,0.0,0.0,-0.049407142866202625,-0.050669428891265154,0.6262213526927267,0.3854469764384369
2020-03-20 00:00:00-04:00,88.88777920668583,90.33290703654072,86.38125355082335,87.14871978759766,29390100,0.0,0.0,0.0,0.01608721866203111,0.0159591906116014,0.4521434517170043,0.39476670342018
2020-03-23 00:00:00-04:00,90.68399514364877,94.00697914989875,90.48804695626819,93.59058380126953,36918800,0.0,0.0,0.0,0.07391805673533991,0.07131369590897958,0.863571727350762,0.49431786200910877
2020-03-24 00:00:00-04:00,94.33356807630753,96.92990504094281,93.77021000322942,95.50926971435547,43049700,0.0,0.0,0.0,0.020500843516053635,0.020293529838761964,0.8348305661132446,0.5029393831456347
2020-03-25 00:00:00-04:00,96.25221629572721,100.9141899132733,95.68069828726692,100.08140563964844,45181000,0.0,0.0,0.0,0.04787112223731893,0.046760603372419184,0.7318120555634798,0.5373584248369938
2020-03-26 00:00:00-04:00,100.01613083976262,100.69379264981984,98.99555807609158,100.16309356689453,21893500,0.0,0.0,0.0,0.0008162148275596692,0.0008158819053823335,0.4605496484399836,0.5374175948914157
2020-03-27 00:00:00-04:00,99.26498095144979,100.11409815423423,98.43219017047144,99.95896911621094,27730300,0.0,0.0,0.0,-0.002037920789130454,-0.002040000175264957,0.5144279571736211,0.5349770015851022
2020-03-30 00:00:00-04:00,100.29373017159347,102.05728301200028,100.29373017159347,101.17550659179688,19272700,0.0,0.0,0.0,0.01217036836556007,0.012096904883620228,0.3181357633265436,0.5377163755456427
2020-03-31 00:00:00-04:00,101.31429265867928,101.98379434680844,100.41618990567618,100.84075164794922,23901400,0.0,0.0,0.0,-0.0033086559694557316,-0.0033141416751686606,0.3403991695909013,0.5352070144799472
2020-04-01 00:00:00-04:00,100.30869874432261,100.3496206181337,99.30192572830686,99.37559509277344,21859400,0.31,0.0,0.0,-0.014529409303600471,-0.014635994847429747,0.15174388815266412,0.5363603153355906
2020-04-02 00:00:00-04:00,99.5802242166997,101.08628407507304,99.4574461044998,99.63751983642578,22929500,0.0,0.0,0.0,0.0026357049073046923,0.002632237528447484,0.153935272123647,0.5367387919511271
2020-04-03 00:00:00-04:00,99.87487127185095,100.05494498273335,98.77806775248138,99.12184143066406,10754100,0.0,0.0,0.0,-0.005175544379349306,-0.005188983900440929,0.1568344486795279,0.5352103791228748
2020-04-06 00:00:00-04:00,100.37416574289284,101.08627372493687,100.0467658035542,101.07808685302734,15631800,0.0,0.0,0.0,0.019735765539945938,0.019543540343843806,0.20161282957813417,0.5364252522103217
2020-04-07 00:00:00-04:00,101.74111499044962,101.8884475029,101.06174805833092,101.23363494873047,17457700,0.0,0.0,0.0,0.0015388903821389466,0.0015377075037261365,0.19972384335223436,0.5311628247156963
2020-04-08 00:00:00-04:00,101.76567797412727,103.14077945836331,101.39734353947577,103.05892944335938,15484100,0.0,0.0,0.0,0.01803051422141788,0.017869892356327122,0.1739623283809196,0.5213985721965011
2020-04-09 00:00:00-04:00,105.92371912370643,108.04366377143602,105.6699822146862,107.9045181274414,53580000,0.0,0.0,0.0,0.04701765009838521,0.04594578952891186,0.32118308388088695,0.5112240942868117
2020-04-13 00:00:00-04:00,107.38064370080706,107.60164554575917,106.25109259272739,106.85679626464844,20599800,0.0,0.0,0.0,-0.009709712632751333,-0.009757159271078425,0.34120890738650317,0.4945268050253949
2020-04-14 00:00:00-04:00,107.55251451902625,107.63437074733649,106.27563729023066,106.33293914794922,14791600,0.0,0.0,0.0,-0.0049024220733868695,-0.004914478363969613,0.36512755768808036,0.4911806908432297
2020-04-15 00:00:00-04:00,105.91550800543617,107.12691544642855,105.91550800543617,107.04505920410156,13687800,0.0,0.0,0.0,0.006697078646171084,0.006674752838004968,0.35903100880824673,0.4615272009706933
2020-04-16 00:00:00-04:00,106.91410943643737,107.2824500898504,106.43937064025934,106.51304626464844,12582100,0.0,0.0,0.0,-0.004969990613380326,-0.004982382090796133,0.3693609819312523,0.41369699197909304
2020-04-17 00:00:00-04:00,107.49522533463873,107.60981656076488,106.35749370041943,106.8649673461914,11187900,0.0,0.0,0.0,0.0033040185581452164,0.0032985722819301715,0.10661397052127976,0.3535222278481461
2020-04-20 00:00:00-04:00,106.43119614868453,106.51305240738837,105.77638354758852,106.25931549072266,12057500,0.0,0.0,0.0,-0.005667449965213844,-0.005683570898343386,0.09066774692368405,0.3580078149015645
2020-04-21 00:00:00-04:00,106.1610732467218,106.51304013116828,105.3343800829449,105.88278198242188,16146000,0.0,0.0,0.0,-0.0035435341039219415,-0.003549827292044312,0.08754418886875136,0.26989015290677426
2020-04-22 00:00:00-04:00,105.88277494912522,106.07922244061673,105.51444683089926,105.94825744628906,19956600,0.0,0.0,0.0,0.0006183768752701102,0.0006181857590740079,0.061291158646138134,0.2652253235842333
2020-04-23 00:00:00-04:00,106.3411432590216,106.60307325585266,106.16106950857768,106.39844512939453,5833400,0.0,0.0,0.0,0.004249127771956962,0.004240125720115549,0.06819322685977545,0.2123548453311755
2020-04-24 00:00:00-04:00,106.2265353189909,106.5703090186906,105.75998975850835,106.32475280761719,14985500,0.0,0.0,0.0,-0.0006926071305621839,-0.0006928470936873486,0.06071940684823155,0.21264197401473786
2020-04-27 00:00:00-04:00,106.39025028435759,106.48848027632982,105.44078528502884,105.46533966064453,11794700,0.0,0.0,0.0,-0.008082907547668272,-0.008115751346869529,0.07347947190064949,0.21563065882564983
2020-04-28 00:00:00-04:00,105.91550816189066,106.04647315400366,105.64541003873252,105.7518081665039,9232900,0.0,0.0,0.0,0.002716233662937384,0.0027125513667589705,0.07585973505955872,0.21275693351493818
2020-04-29 00:00:00-04:00,106.2756624177016,106.59488180037567,106.16107116467781,106.44755554199219,7399100,0.0,0.0,0.0,0.006579058907369539,0.0065575113560886866,0.09049222623247102,0.2121952431265468
2020-04-30 00:00:00-04:00,106.1856217707222,106.52939551758709,105.67814802385156,105.72725677490234,14583200,0.0,0.0,0.0,-0.006766700873705789,-0.006789698799499913,0.09864524178244333,0.20547322304625895
2020-05-01 00:00:00-04:00,105.60418895482424,105.80112435537818,104.8903184736758,105.30879211425781,15442300,0.32,0.0,0.0,-0.00395796385349767,-0.0039658173217755515,0.1001958021444092,0.20703224441732881
2020-05-04 00:00:00-04:00,105.46472233040517,105.80934997132778,105.32523108435542,105.4729232788086,9466700,0.0,0.0,0.0,0.0015585703838736364,0.0015573570735756207,0.08494770262816762,0.20493893250632425
2020-05-05 00:00:00-04:00,105.34978843173651,105.6205698263075,105.16106655813553,105.3333740234375,7268800,0.0,0.0,0.0,-0.0013230813277281817,-0.0013239573726324342,0.08166490022105131,0.19581552710440472
2020-05-06 00:00:00-04:00,104.93953238765157,104.98876309977352,103.97128873425098,104.15180969238281,10662900,0.0,0.0,0.0,-0.011217378556503621,-0.011280767834154659,0.0782647396296212,0.20148353935657662
2020-05-07 00:00:00-04:00,104.44719291216781,104.61950664246505,104.11897360006049,104.43077850341797,11194300,0.0,0.0,0.0,0.0026784826097512315,0.0026749018677508373,0.08794992117265268,0.19191715036707913
2020-05-08 00:00:00-04:00,104.06155132239157,104.27489484634981,103.69230845346625,103.93026733398438,12286700,0.0,0.0,0.0,-0.004792755321815556,-0.00480427740335618,0.08904316524370101,0.08389653616927871
2020-05-11 00:00:00-04:00,103.70054113054697,103.82362421127262,102.9948714786698,103.01949310302734,12334800,0.0,0.0,0.0,-0.008763320390875351,-0.00880194409651001,0.08868425692088985,0.08278215156545525
2020-05-12 00:00:00-04:00,104.3487494357878,104.37336479435744,103.54461850794692,104.0123291015625,18760500,0.0,0.0,0.0,0.009637360548282237,0.009591217417559469,0.1362367712782289,0.09124369121113222
2020-05-13 00:00:00-04:00,104.44722669323828,104.6687712009132,104.16003704985793,104.25029754638672,13404100,0.0,0.0,0.0,0.0022878868964837373,0.002285273668346124,0.11359821171837005,0.08752113015362686
2020-05-14 00:00:00-04:00,104.6195299745258,105.12826407449958,104.20925730795904,105.11186218261719,16978300,0.0,0.0,0.0,0.008264385392733331,0.00823042235389558,0.12733757104416854,0.09263393409940499
2020-05-15 00:00:00-04:00,105.11185150206634,105.53032507205268,105.00517661302935,105.48109436035156,17987400,0.0,0.0,0.0,0.0035127546032138746,0.003506599291284486,0.11527158186758657,0.09275486174545307
2020-05-18 00:00:00-04:00,105.73545826213667,106.67087931841557,105.73545826213667,106.08008575439453,15299000,0.0,0.0,0.0,0.005678661163645682,0.00566259834883848,0.04915374474690329,0.09333262474776853
2020-05-19 00:00:00-04:00,106.12115588795609,106.39193741784744,105.76831479608627,106.16218566894531,13529000,0.0,0.0,0.0,0.0007739427618946859,0.0007736434226330209,0.046638025168613435,0.09245434073974207
2020-05-20 00:00:00-04:00,106.47397252673235,107.37657752521507,106.38371202688408,107.32734680175781,15068200,0.0,0.0,0.0,0.01097529337278269,0.010915501928433104,0.06317770675698431,0.10014292762137018
2020-05-21 00:00:00-04:00,107.48322728104534,107.49142822619199,107.1221853661616,107.2452621459961,11059200,0.0,0.0,0.0,-0.0007648065307468421,-0.0007650991444663471,0.073098045735549,0.09934168735835319
2020-05-22 00:00:00-04:00,107.26167655681633,107.47501381537175,107.09757001019472,107.2452621459961,12546900,0.0,0.0,0.0,0.0,0.0,0.07871757527372335,0.09926965699290609
2020-05-26 00:00:00-04:00,107.42578542700248,107.61450733367296,107.05654255898557,107.09757232666016,12864900,0.0,0.0,0.0,-0.001377122088012439,-0.001378071192089948,0.08136261186388971,0.09435719468280766
2020-05-27 00:00:00-04:00,107.43397453396871,107.58167917721595,107.24525264809387,107.5406494140625,10204500,0.0,0.0,0.0,0.004137134743361859,0.004128600331995315,0.08187598545456318,0.0948762914195135
2020-05-28 00:00:00-04:00,107.43398504007665,107.80324042404179,107.16321612194191,107.63092041015625,12360900,0.0,0.0,0.0,0.000839412785635929,0.0008390606757534987,0.03431876139939132,0.09244055960598661
2020-05-29 00:00:00-04:00,107.78684431830146,108.34480918082784,107.62273774229543,108.32840728759766,14092500,0.0,0.0,0.0,0.006480357826389005,0.006459450583277747,0.051065354647413144,0.09043569988386672
2020-06-01 00:00:00-04:00,108.08327615008866,108.28891405185911,107.95989842948298,108.28069305419922,15415500,0.322,0.0,0.0,-0.00044045910572432234,-0.0004405561363292851,0.05224298529666174,0.08860199422171468
2020-06-02 00:00:00-04:00,108.42873247487091,108.83177463149644,108.35469330938966,108.62613677978516,11585400,0.0,0.0,0.0,0.0031902614939214313,0.0031851834071383485,0.04334438292603457,0.08882797245808627
2020-06-03 00:00:00-04:00,108.63442586104532,108.80715471614513,108.24782549810499,108.56038665771484,15198200,0.0,0.0,0.0,-0.0006052882300656703,-0.0006054714909405634,0.04730713918791594,0.08856274738736417
2020-06-04 00:00:00-04:00,108.69196537801295,108.82357664320651,108.16553286837978,108.23133850097656,9777400,0.0,0.0,0.0,-0.003031014966589529,-0.0030356177956355765,0.05921744062724033,0.07694651289044063
2020-06-05 00:00:00-04:00,108.65085527272578,108.94697439830547,108.16555276309731,108.79068756103516,22147400,0.0,0.0,0.0,0.005168087799759968,0.0051547790681089525,0.052028643387496694,0.07776904365153323
2020-06-08 00:00:00-04:00,108.97989718082026,109.33358844546107,108.83183132386611,109.15262603759766,15872100,0.0,0.0,0.0,0.0033269251686587342,0.003321403197187533,0.05297875837091614,0.07350554286868528
2020-06-09 00:00:00-04:00,109.21018508261956,109.27599072015272,108.86471489892692,108.92228698730469,17982200,0.0,0.0,0.0,-0.002110247445752056,-0.0021124771552713307,0.0562780541102937,0.06308150819025773
2020-06-10 00:00:00-04:00,109.11964916037545,109.81881017504219,108.6590224798572,109.63784790039062,16866200,0.0,0.0,0.0,0.006569462805801507,0.006547977929752175,0.06868434137657105,0.059508095856274555
2020-06-11 00:00:00-04:00,109.06211805909457,109.24308042253203,107.86119970298253,108.33004760742188,28279600,0.0,0.0,0.0,-0.0119283652316573,-0.012000079036359315,0.11970893821999995,0.07887905928477576
2020-06-12 00:00:00-04:00,109.17726280044432,109.37467968919728,108.40406234175421,108.8564682006836,16202800,0.0,0.0,0.0,0.0048594143996818495,0.004847645556585539,0.11892018355636944,0.0761322941784369
2020-06-15 00:00:00-04:00,108.48630856437167,110.9046117982364,108.42873649035239,110.4028549194336,24006200,0.0,0.0,0.0,0.014205740313925519,0.01410578430550285,0.15643044511098683,0.08793860867563255
2020-06-16 00:00:00-04:00,110.95398174817022,110.96220274553158,109.79418101202653,110.0985336303711,16299500,0.0,0.0,0.0,-0.002756462133923776,-0.002760268171412754,0.15764577402833357,0.08873067148347154
2020-06-17 00:00:00-04:00,110.22188500362195,110.31236615753612,109.24304685249726,109.88463592529297,20132900,0.0,0.0,0.0,-0.00194278432259809,-0.0019446739759160355,0.1542947930849438,0.08969681894006452
2020-06-18 00:00:00-04:00,109.90931629455528,110.15608422981873,109.69545744460085,110.13140869140625,9306600,0.0,0.0,0.0,0.002245744039057973,0.0022432261249359345,0.10843678340098509,0.08286797249739694
2020-06-19 00:00:00-04:00,110.18897802946368,110.38638230937923,109.91753459344298,110.21365356445312,13741400,0.0,0.0,0.0,0.0007467885322101075,0.0007465098244027518,0.10869444879721547,0.08254069241179754
2020-06-22 00:00:00-04:00,110.21366329525118,110.4768732087564,109.89286876092855,110.10672760009766,10134000,0.0,0.0,0.0,-0.0009701698555246718,-0.0009706407749047849,0.03222333703368735,0.0828269937850916
2020-06-23 00:00:00-04:00,109.97518021893687,110.27953293927875,109.86002346158041,109.90115356445312,9381300,0.0,0.0,0.0,-0.0018670433689680355,-0.0018687884668928015,0.028797626816295153,0.08305733707413564
2020-06-24 00:00:00-04:00,109.67904176855924,109.72839286287261,109.15260917731163,109.59679412841797,12357300,0.0,0.0,0.0,-0.002769392551067784,-0.0027732344133412972,0.03207573775788635,0.0835514364998335
2020-06-25 00:00:00-04:00,109.70372628837953,109.80244103622314,109.46519179597418,109.71195983886719,19115300,0.0,0.0,0.0,0.001050812766605791,0.0010502610493377665,0.026152996552548605,0.08355074115130776
2020-06-26 00:00:00-04:00,109.72833250533121,109.89285279740318,109.52269469137734,109.81059265136719,7304900,0.0,0.0,0.0,0.0008990160475199627,0.0008986121746337915,0.026722329803513394,0.08097886992964698
2020-06-29 00:00:00-04:00,109.81888347681617,110.32064056396484,109.547439883656,110.32064056396484,10954600,0.0,0.0,0.0,0.004644797011677859,0.004634043228607072,0.04619663244951094,0.08204049840736978
2020-06-30 00:00:00-04:00,110.47689191498499,110.65785425228368,110.0738497055707,110.6331787109375,11599000,0.0,0.0,0.0,0.0028329979356078727,0.002828992559986972,0.043702191794540296,0.08192060775433702
2020-07-01 00:00:00-04:00,110.6001631153388,111.25148684181093,110.37757026919599,111.07010650634766,11872500,0.31,0.0,0.0,0.003949337807166886,0.003941559644943686,0.026706356550882503,0.08238364954974484
2020-07-02 00:00:00-04:00,111.26798072845587,111.39164342224036,111.12781290199129,111.34217834472656,9733200,0.0,0.0,0.0,0.002449550531072431,0.002446555272531226,0.0229241788858262,0.08097404166697286
2020-07-06 00:00:00-04:00,111.43291505895888,111.72146565836051,111.26802720499555,111.63077545166016,12706800,0.0,0.0,0.0,0.0025919836599574975,0.002588630263693064,0.01521090299815956,0.07990611235895446
2020-07-07 00:00:00-04:00,111.63078217986892,111.86162770535849,111.4906268665458,111.77919006347656,11645100,0.0,0.0,0.0,0.0013295134000093078,0.0013286303796405294,0.014864361358974957,0.07954832704333376
2020-07-08 00:00:00-04:00,111.85337161838923,111.88635673450521,111.49061082192836,111.59779357910156,10033100,0.0,0.0,0.0,-0.0016228108673178587,-0.0016241290511751529,0.033286828019862255,0.0792975978457765
2020-07-09 00:00:00-04:00,111.82870034963642,112.33161671483147,111.64731985201574,112.22443389892578,9809000,0.0,0.0,0.0,0.005615167645586672,0.005599461359930506,0.04137272256523731,0.07851316544415482
2020-07-10 00:00:00-04:00,112.38110977928878,112.47180005064905,111.86170071784846,112.01834869384766,9043100,0.0,0.0,0.0,-0.0018363666263956357,-0.0018380548146605515,0.049335432018684434,0.0627609409014359
2020-07-13 00:00:00-04:00,112.03475414342876,112.19140199761384,111.65550078171034,111.7214584350586,22457200,0.0,0.0,0.0,-0.0026503716779514574,-0.002653890131147917,0.05394323385790172,0.06337768645383626
2020-07-14 00:00:00-04:00,112.00174104112594,112.48816440573944,111.9605159501975,112.37274169921875,12505600,0.0,0.0,0.0,0.005829527051320449,0.005812601106810379,0.06774666644306113,0.04510935787921164
2020-07-15 00:00:00-04:00,112.52115722253374,112.60360741925972,112.32329687860546,112.59536743164062,8815600,0.0,0.0,0.0,0.0019811364309128,0.001979176568210557,0.0634253795091806,0.0431230103865549
2020-07-16 00:00:00-04:00,112.71904051492066,112.97461853609292,112.62011033385656,112.90866088867188,7761800,0.0,0.0,0.0,0.00278247199842796,0.0027786080890372508,0.05532757506818238,0.04190887227332341
2020-07-17 00:00:00-04:00,113.21371459960938,113.28791223410923,112.90041892487484,113.21371459960938,6078400,0.0,0.0,0.0,0.0027017742353554475,0.002698131003996455,0.04848437872955876,0.042067431738014645
2020-07-20 00:00:00-04:00,113.46104277939125,113.5270004272461,113.27966239282416,113.5270004272461,7244300,0.0,0.0,0.0,0.0027672073895348426,0.002763385719778295,0.023823846106103087,0.042272082120327216
2020-07-21 00:00:00-04:00,113.70841046970547,113.85681836111837,113.59298770089022,113.6754379272461,7712300,0.0,0.0,0.0,0.0013075083411115962,0.0013066542964465157,0.010345493026885064,0.041278691396611444
2020-07-22 00:00:00-04:00,114.005161624393,114.05462670556838,113.85676638086686,114.04638671875,6229900,0.0,0.0,0.0,0.0032632272922610284,0.0032579145207969093,0.011707635560775602,0.03954526319706115
2020-07-23 00:00:00-04:00,114.16182269681966,114.20304779596569,113.91448468207744,114.12883758544922,9544200,0.0,0.0,0.0,0.0007229590438717626,0.0007226978348702294,0.01715416816427789,0.03590299032450877
2020-07-24 00:00:00-04:00,113.91444743674136,114.0958277495728,113.73306712390989,113.87322235107422,9106500,0.0,0.0,0.0,-0.0022397076828510887,-0.0022422195794136127,0.03439439049960457,0.03887108768030175
2020-07-27 00:00:00-04:00,113.93098630280642,114.01342392752372,113.45280279096002,113.5270004272461,6347600,0.0,0.0,0.0,-0.003040415619053216,-0.0030450470726999176,0.04135094561718099,0.042515235174048746
2020-07-28 00:00:00-04:00,113.7084166832617,113.76613436089242,113.3703883489248,113.41161346435547,12922600,0.0,0.0,0.0,-0.001016383437035917,-0.0010169003049351184,0.04000034146075142,0.042005738985244484
2020-07-29 00:00:00-04:00,113.51881198391344,114.02996826171874,113.41988175727776,114.02996826171875,7625100,0.0,0.0,0.0,0.005452305795452084,0.005437495784293255,0.053563716642603315,0.04417546835641804
2020-07-30 00:00:00-04:00,113.96397034390431,114.02992799841907,113.74137741257029,113.90626525878906,8939900,0.0,0.0,0.0,-0.0010848288815249463,-0.001085417734284217,0.05351246561532606,0.04411311050303885
2020-07-31 00:00:00-04:00,113.88974110214495,114.15357164700592,113.71660073456336,114.06288146972656,11788700,0.0,0.0,0.0,0.001374956948870798,0.0013740125611277191,0.05174693191038316,0.04389482516846826
2020-08-03 00:00:00-04:00,113.9761503013675,114.29837306349404,113.86048091514303,114.21575927734375,10915900,0.295,0.0,0.0,0.0013402941048596961,0.0013393967124729238,0.04219777075555089,0.0435965449295361
2020-08-04 00:00:00-04:00,114.4223273666651,114.6371383666992,114.35622876503479,114.63713836669922,10101900,0.0,0.0,0.0,0.0036893252911995855,0.0036825364230858456,0.039682365861072065,0.04452115221631603
2020-08-05 00:00:00-04:00,114.46362051434264,114.67844410741915,114.37273651889143,114.48014831542969,11602000,0.0,0.0,0.0,-0.0013694519377076553,-0.0013703904939821653,0.03294610729832062,0.04431163868388831
2020-08-06 00:00:00-04:00,114.83541338910663,115.05848194634223,114.78582999159292,114.96759796142578,8067800,0.0,0.0,0.0,0.004257940378038505,0.004248901000244104,0.035524208591732456,0.04278595813723519
2020-08-07 00:00:00-04:00,115.08320132245012,115.15757007254952,114.6122664758722,114.64530944824219,7405300,0.0,0.0,0.0,-0.0028032986589119346,-0.002807235259296407,0.04895374512964283,0.04382462591624802
2020-08-10 00:00:00-04:00,114.82715155568249,114.83542175937937,114.35621640461986,114.39752960205078,6137100,0.0,0.0,0.0,-0.0021612732992208894,-0.002163612220998307,0.05361358097099984,0.04329126201281629
2020-08-11 00:00:00-04:00,114.01744618945031,114.09180236780315,113.5960819051019,113.67869567871094,12870500,0.0,0.0,0.0,-0.006283649007460368,-0.006303474223317794,0.06047034286846494,0.04723809271597858
2020-08-12 00:00:00-04:00,113.6043805676514,113.79440618336255,113.27390013971724,113.3978271484375,11902600,0.0,0.0,0.0,-0.002470722667924141,-0.0024737799399941786,0.06062848477847206,0.04812425386522708
2020-08-13 00:00:00-04:00,113.31520465308063,113.38130326235526,112.15851050832603,112.37332153320312,20754500,0.0,0.0,0.0,-0.009034614163226373,-0.00907567378206954,0.047754094717683354,0.057584217230884235
2020-08-14 00:00:00-04:00,112.24114532765589,112.46421396776566,111.77019742893651,111.87760925292969,12409100,0.0,0.0,0.0,-0.004411298638413608,-0.004421057125226629,0.04535119839832759,0.058309674867586724
2020-08-17 00:00:00-04:00,112.1584651332909,112.29891989354414,112.00975277785179,112.10889434814453,9522800,0.0,0.0,0.0,0.002067304590786856,0.002065170657139093,0.06635036159001312,0.057826610282958865
2020-08-18 00:00:00-04:00,112.24939957061072,112.56336482703625,112.15025795574843,112.43116760253906,12198000,0.0,0.0,0.0,0.0028746448376677503,0.002870520947452533,0.07762166202199665,0.058779855313319675
2020-08-19 00:00:00-04:00,112.59638271467746,112.65422371512634,112.0345635464117,112.13370513916016,12168600,0.0,0.0,0.0,-0.002645729558110488,-0.0026492356861008556,0.07767076248766748,0.057430930274499074
2020-08-20 00:00:00-04:00,112.5633137733533,112.65419774809658,112.38154582386677,112.53025817871094,12065300,0.0,0.0,0.0,0.003536430362830245,0.003530191896582666,0.056738355596716895,0.05928427544087463
2020-08-21 00:00:00-04:00,112.59638450013995,112.76989489721953,112.34851790731994,112.7368392944336,6353900,0.0,0.0,0.0,0.001835782829135546,0.0018340998392588222,0.03860205851008701,0.05964293911123679
2020-08-24 00:00:00-04:00,112.74509707125131,112.91859484218841,112.46417490661018,112.53854370117188,13093400,0.0,0.0,0.0,-0.001758924540573914,-0.0017604732646692852,0.04439275363031554,0.05908834735637249
2020-08-25 00:00:00-04:00,112.12544759800355,112.36504398293788,111.72885601277521,112.05107879638672,12191100,0.0,0.0,0.0,-0.004331537344925529,-0.0043409456308681135,0.051725741447423514,0.06067476042577943
2020-08-26 00:00:00-04:00,111.86930316280457,112.10064193487516,111.6462345942478,112.0923843383789,6259000,0.0,0.0,0.0,0.00036863136380183015,0.0003685634359536851,0.04882792716628059,0.05649242395909162
2020-08-27 00:00:00-04:00,112.24943724192258,112.27422265395622,111.17535649470463,111.20014190673828,12251100,0.0,0.0,0.0,-0.007959884490878255,-0.007991733493607356,0.0618171753556052,0.061884447512084814
2020-08-28 00:00:00-04:00,111.3983559626439,111.59665172024526,111.22484559886571,111.53881072998047,7907500,0.0,0.0,0.0,0.0030455790562409213,0.0030409506753657427,0.06735065409726793,0.06307699179269914
2020-08-31 00:00:00-04:00,111.63794677349182,112.19150821980614,111.58837598830182,112.03453826904297,11874000,0.0,0.0,0.0,0.004444439884360829,0.004434592527959481,0.08224028191530167,0.06558915683166767
2020-09-01 00:00:00-04:00,111.98901136923197,112.7756229702481,111.86481419230995,112.74250793457031,13289900,0.295,0.0,0.0,0.006319209026659278,0.006299326542386785,0.08864317529810897,0.0686521087757922
2020-09-02 00:00:00-04:00,112.65146196257649,113.28074891853507,112.61005867880762,113.18966674804688,14236600,0.0,0.0,0.0,0.003966195374472958,0.003958350756948041,0.09007384703658874,0.07067266456038938
2020-09-03 00:00:00-04:00,113.33039114395153,113.35523057927587,112.8832686736092,112.94122314453125,16452600,0.0,0.0,0.0,-0.0021949318401002227,-0.0021973442336642997,0.05079786016133346,0.06852054656821797
2020-09-04 00:00:00-04:00,112.61828660906806,112.70936874100009,111.67435025745577,111.74059295654297,13177800,0.0,0.0,0.0,-0.010630575396299968,-0.010687483633793585,0.11012999568248996,0.07659227664324716
2020-09-08 00:00:00-04:00,111.8979073156303,112.13802602215983,111.77371016302914,111.84822845458984,13932300,0.0,0.0,0.0,0.0009632622773778632,0.0009627986379840248,0.10467566603209147,0.07691306486329516
2020-09-09 00:00:00-04:00,111.87308114283786,112.35333124731166,111.79027460828941,111.92276000976562,11640000,0.0,0.0,0.0,0.0006663633050392193,0.0006661413835934673,0.0885549309635766,0.07464150214379384
2020-09-10 00:00:00-04:00,111.82338233390648,112.12974371499494,111.68262135787933,112.00554656982422,12624700,0.0,0.0,0.0,0.0007396758268949366,0.0007394024015529265,0.0785264609631086,0.07453973987993572
2020-09-11 00:00:00-04:00,112.05528674909985,112.27885436725346,111.93107690145543,112.0884017944336,9773000,0.0,0.0,0.0,0.0007397421569450557,0.0007394686825743782,0.08100693785261402,0.06763770951988571
2020-09-14 00:00:00-04:00,112.27884429300636,112.59348141622387,112.26228045457171,112.36992645263672,13896200,0.0,0.0,0.0,0.0025116305852894705,0.002508481712625505,0.01243933990341996,0.06625987010077095
2020-09-15 00:00:00-04:00,112.39476760310494,112.60177136591378,112.3864793665081,112.49412536621094,9388500,0.0,0.0,0.0,0.0011052682643390987,0.0011046579050701085,0.0123642660703006,0.06599311099332247
2020-09-16 00:00:00-04:00,112.75076013090666,112.83356665466917,112.41127107178269,112.56859588623047,8868200,0.0,0.0,0.0,0.0006619947466333098,0.0006617757247665777,0.012375122036641014,0.06525799679043051
2020-09-17 00:00:00-04:00,112.8335532457086,112.85839267298515,112.43609714028361,112.59342193603516,12190400,0.0,0.0,0.0,0.00022054152500738944,0.00022051720930027954,0.013916712358950064,0.06446476819664558
2020-09-18 00:00:00-04:00,112.6596446014178,112.70932344714329,112.35328329644533,112.38639831542969,9968000,0.0,0.0,0.0,-0.0018386830868598603,-0.0018403755395143815,0.025076719649137404,0.06360662853161482
2020-09-21 00:00:00-04:00,112.5852006184431,112.5852006184431,112.17119311823099,112.27883911132812,12081100,0.0,0.0,0.0,-0.0009570482346065168,-0.0009575064976781052,0.019238045563891946,0.06327644925367362
2020-09-22 00:00:00-04:00,112.36991432808327,112.44443264123855,112.21258946619623,112.34506225585938,8295900,0.0,0.0,0.0,0.0005898096654310958,0.0005896357960735704,0.017355524187446698,0.06305584297424809
2020-09-23 00:00:00-04:00,112.32848431602169,112.38643877873456,111.4673418984101,111.53358459472656,17759900,0.0,0.0,0.0,-0.007223082571130024,-0.007249295332945015,0.05014119525748521,0.0663897867910707
2020-09-24 00:00:00-04:00,111.51706396630497,111.62470996883657,111.14445971035902,111.25210571289062,20595000,0.0,0.0,0.0,-0.002523714115875819,-0.002526904050464038,0.046697187364492576,0.06684019822214118
2020-09-25 00:00:00-04:00,111.18581777867286,111.32657876770242,110.98708969354173,111.13613891601562,9793100,0.0,0.0,0.0,-0.0010423784442721296,-0.0010429220985111465,0.0476230678813862,0.060641674739281434
2020-09-28 00:00:00-04:00,111.38456642480074,111.71576732665501,111.27692044617106,111.69920349121094,8579500,0.0,0.0,0.0,0.005066439959919844,0.00505364873876371,0.07115955634370533,0.06239632500661109
2020-09-29 00:00:00-04:00,111.83171818077408,111.93107595043908,111.54192047441524,111.5584716796875,8428600,0.0,0.0,0.0,-0.0012599177713430443,-0.0012607121350303693,0.06970939339055973,0.06035539652591924
2020-09-30 00:00:00-04:00,111.49219387227245,111.60811544524097,111.30175399550355,111.54188537597656,11634700,0.0,0.0,0.0,-0.00014867811884844429,-0.00014868917253559762,0.04677751359117093,0.055229974560638787
2020-10-01 00:00:00-04:00,111.41243474693186,111.9684166501963,111.37095357644075,111.85224151611328,12642600,0.294,0.0,0.0,0.0027824179149438244,0.00277855415561988,0.04367602249129236,0.054100271404013314
2020-10-02 00:00:00-04:00,111.74435137847692,111.935207777517,111.52858855490877,111.86882019042969,10829600,0.0,0.0,0.0,0.00014821941958143015,0.0001482084361685496,0.040751838110941116,0.0538161278885006
2020-10-05 00:00:00-04:00,111.60331906919997,111.82736300411922,111.46225014872209,111.49543762207031,10078700,0.0,0.0,0.0,-0.0033376821863659867,-0.0033432646727259052,0.03536679371951999,0.04001250861153317
2020-10-06 00:00:00-04:00,111.57008403804225,111.98499696690232,111.15517110918219,111.40412139892578,22370600,0.0,0.0,0.0,-0.0008190130923030337,-0.0008193486667648116,0.03479637139450278,0.039880266990239194
2020-10-07 00:00:00-04:00,111.41243075766648,111.81075634209424,111.28796192637,111.43732452392578,14745500,0.0,0.0,0.0,0.00029804216022766283,0.0002979977544859959,0.03504215338387173,0.039795985771292515
2020-10-08 00:00:00-04:00,111.74433598429651,111.90200489914082,111.61985452735509,111.71113586425781,12101600,0.0,0.0,0.0,0.00245708824670543,0.0024540745409971426,0.033341011833079276,0.04079638606826788
2020-10-09 00:00:00-04:00,111.62821809395994,112.00993103506882,111.57012418518904,111.96843719482422,9979700,0.0,0.0,0.0,0.0023032737835471107,0.0023006253144727644,0.03813143937506866,0.041607156996700395
2020-10-12 00:00:00-04:00,112.11780666466773,112.64889487064772,112.10951296190643,112.61570739746094,5465400,0.0,0.0,0.0,0.005780827337175998,0.005764182471414391,0.04003317791292805,0.045694502366657466
2020-10-13 00:00:00-04:00,112.58250907126563,112.68208415456775,112.3501587687995,112.50782775878906,9228200,0.0,0.0,0.0,-0.0009579448654629674,-0.0009584039878783263,0.04065767952426872,0.04568728205571521
2020-10-14 00:00:00-04:00,112.68208234383452,112.77336372277522,112.44143834234083,112.61570739746094,12994600,0.0,0.0,0.0,0.0009588634037371868,0.0009584039878782553,0.03918318241438615,0.045755571676676356
2020-10-15 00:00:00-04:00,112.60734993668946,112.65713745494924,112.4330936227802,112.49948120117188,13255900,0.0,0.0,0.0,-0.0010320602602873485,-0.0010325932011940888,0.04467229611860431,0.045900329944939394
2020-10-16 00:00:00-04:00,112.44973897242738,112.74847689807837,112.29208263740088,112.30867004394531,8742400,0.0,0.0,0.0,-0.0016961069970211629,-0.0016975470150072433,0.0484966221458181,0.045828869731193794
2020-10-19 00:00:00-04:00,112.23392621074277,112.29202008771563,112.034763483867,112.09285736083984,8634500,0.0,0.0,0.0,-0.0019216030518482974,-0.0019234516996171546,0.01801109386850652,0.04621375630087449
2020-10-20 00:00:00-04:00,112.00989725323129,112.03479101744172,111.83564090375832,111.86053466796875,13413100,0.0,0.0,0.0,-0.0020725914062768025,-0.0020747421961650947,0.019773095482664288,0.046666914767985165
2020-10-21 00:00:00-04:00,111.6862340669972,111.92689060248189,111.64474025100314,111.67794036865234,8890100,0.0,0.0,0.0,-0.001632338874996364,-0.0016336725916804389,0.006322193728454022,0.03913914163159206
2020-10-22 00:00:00-04:00,111.6115711746154,111.64475863559473,111.32943343881178,111.42900848388672,9661800,0.0,0.0,0.0,-0.002229015720955241,-0.002231503674309697,0.003978037290399759,0.03889357316420001
2020-10-23 00:00:00-04:00,111.453891913569,111.80241720116054,111.43729185354965,111.71113586425781,12010800,0.0,0.0,0.0,0.0025319024570866766,0.002528702592086548,0.03210766100635643,0.03958596094193395
2020-10-26 00:00:00-04:00,111.84391403617734,112.03477041407129,111.7941265169125,111.94348907470703,9776600,0.0,0.0,0.0,0.002079946718396508,0.0020777866239564628,0.03749526903387666,0.036038033203590995
2020-10-27 00:00:00-04:00,112.08457714925632,112.40820870553725,112.03477696494343,112.39990234375,7023800,0.0,0.0,0.0,0.004077175660822663,0.004068886503400054,0.043713903479399935,0.03825523978973129
2020-10-28 00:00:00-04:00,112.36673513621461,112.42481636850967,111.81075326814312,111.84394073486328,13578300,0.0,0.0,0.0,-0.004946281956601961,-0.004958555297528391,0.05957490042247697,0.04266816542756834
2020-10-29 00:00:00-04:00,111.86054917917188,111.86054917917188,111.26307343633677,111.55350494384766,14744600,0.0,0.0,0.0,-0.002596795044124356,-0.0026001725647946524,0.06060782335084252,0.042519699351131604
2020-10-30 00:00:00-04:00,111.42075417675156,111.64479810738044,110.96434728856812,110.97264099121094,19875600,0.0,0.0,0.0,-0.005207043498356323,-0.005220647393952527,0.06668160986198673,0.04614880683927157
2020-11-02 00:00:00-05:00,111.39919756325261,111.64035177163458,111.33266920152955,111.40750885009766,18496400,0.283,0.0,0.0,0.003918694328642225,0.003911036245958699,0.07351341251253425,0.047194638486338085
2020-11-03 00:00:00-05:00,111.35765219290263,111.54891336482952,111.24954198360011,111.51565551757812,11661900,0.0,0.0,0.0,0.0009707305063788585,0.0009702596522112173,0.06263027881991762,0.047228006098879304
2020-11-04 00:00:00-05:00,112.77132572290178,113.28690474356601,112.72974390436671,113.18711853027344,20019500,0.0,0.0,0.0,0.014988595143323513,0.014877376118626289,0.12440387601788311,0.07102624305807773
2020-11-05 00:00:00-05:00,113.54473106702139,113.7775867885156,113.38674040774808,113.61125946044922,14349900,0.0,0.0,0.0,0.003747254419789181,0.00374025095234287,0.1161840034776755,0.07157370926043545
2020-11-06 00:00:00-05:00,113.32020575791887,113.37009887798676,113.04578090855263,113.25367736816406,12029700,0.0,0.0,0.0,-0.0031474177293988603,-0.003152381266199272,0.10679547843241917,0.07271513992125235
2020-11-09 00:00:00-05:00,113.25364211723004,113.34511703854662,112.38047472084247,112.39710998535156,21273800,0.0,0.0,0.0,-0.007563263310452872,-0.007592009823092449,0.13529844269122687,0.0754349698955445
2020-11-10 00:00:00-05:00,112.11439545051452,112.5717574558849,112.07281362575593,112.10607147216797,18849800,0.0,0.0,0.0,-0.0025893771932528065,-0.00259273542878893,0.13898229075333016,0.07590576097467483
2020-11-11 00:00:00-05:00,112.264071730997,112.33891140012649,112.02291745636055,112.31396484375,3763300,0.0,0.0,0.0,0.0018544345444631016,0.0018527172035263811,0.07074490495803061,0.07614828438888521
2020-11-12 00:00:00-05:00,112.41376143579139,112.7630386352539,112.32229917997049,112.7630386352539,16891500,0.0,0.0,0.0,0.003998378938261604,0.003990406664908884,0.07193960884692158,0.077434737395101
2020-11-13 00:00:00-05:00,112.90438873586368,113.04575677554107,112.77964327333174,112.89606475830078,8256800,0.0,0.0,0.0,0.0011796961544923157,0.0011790008597544826,0.07221524028797242,0.07720862952929883
2020-11-16 00:00:00-05:00,112.92934131350773,113.30355234308121,112.87112422342321,113.26197052001953,12742500,0.0,0.0,0.0,0.0032410851742452618,0.0032358441789799536,0.040641307189119624,0.07743765043644114
2020-11-17 00:00:00-05:00,113.41997984440424,113.72766251118134,113.31186963651324,113.62787628173828,11832300,0.0,0.0,0.0,0.0032306144775582357,0.0032254072546127294,0.018249495279022455,0.07736153578499902
2020-11-18 00:00:00-05:00,113.7942170124003,113.9938022060877,113.74432388622706,113.86905670166016,11878400,0.0,0.0,0.0,0.0021225462255747285,0.0021202968067694393,0.01755202645045847,0.07694576687361561
2020-11-19 00:00:00-05:00,114.09353322798763,114.6340714408541,114.0186935749562,114.50101470947266,16107800,0.0,0.0,0.0,0.00554986601380425,0.0055345222517892406,0.025933794716510403,0.07759050740983577
2020-11-20 00:00:00-05:00,114.25985676898182,114.55091680560813,114.06859563322158,114.40123748779297,18308400,0.0,0.0,0.0,-0.0008714090607219172,-0.0008717889583109728,0.0370374279256586,0.07785574595272178
2020-11-23 00:00:00-05:00,114.48440833420591,114.60082983129479,114.38462210498444,114.5426254272461,8648500,0.0,0.0,0.0,0.0012358951927264883,0.0012351321029307482,0.037765406396893304,0.07778710673988977
2020-11-24 00:00:00-05:00,114.50935225621309,114.57588063716017,114.25987399990937,114.28482055664062,11204400,0.0,0.0,0.0,-0.0022507330318635166,-0.002253269738468214,0.04759895360509672,0.07788226539031222
2020-11-25 00:00:00-05:00,114.4262165048756,114.45116306492243,114.24326660520354,114.35136413574219,6709800,0.0,0.0,0.0,0.0005822608704939558,0.0005820914224054387,0.046881651548828715,0.07484460174414617
2020-11-27 00:00:00-05:00,114.6091478733933,114.81704429949741,114.55093078336854,114.75882720947266,3404800,0.0,0.0,0.0,0.003563255032504875,0.0035569216797333653,0.03493072168528107,0.07397667595499686
2020-11-30 00:00:00-05:00,114.84198794141241,115.19125240572589,114.71724247552082,115.1579818725586,11856200,0.0,0.0,0.0,0.003478204446594413,0.003472169483350292,0.03805869048881689,0.0699603282625987
2020-12-01 00:00:00-05:00,115.0296996689656,115.21301494448065,114.55474298758537,114.72138977050781,18933600,0.276,0.0,0.0,-0.0037912448182180203,-0.003798449803193546,0.05269324927408021,0.07226892035295471
2020-12-02 00:00:00-05:00,114.53811094578204,114.57143522353871,114.13814332667891,114.33812713623047,15637700,0.0,0.0,0.0,-0.0033408123371241327,-0.0033464053108513145,0.0564717283412192,0.07426213197717625
2020-12-03 00:00:00-05:00,114.69635203884125,115.01298971227492,114.55470168870775,114.78800964355469,18888700,0.0,0.0,0.0,0.003934667451638285,0.003926946892921717,0.06292770372278522,0.05503828386530399
2020-12-04 00:00:00-05:00,114.27146972141766,114.43811654449733,114.02149312962935,114.15481567382812,12521200,0.0,0.0,0.0,-0.00551620305720768,-0.005531473487712596,0.07012720683277722,0.05799711494622641
2020-12-07 00:00:00-05:00,114.43806071365344,114.56305530573535,114.21309333370255,114.25474548339844,16697300,0.0,0.0,0.0,0.0008753884711778515,0.0008750055421482598,0.06144248937928731,0.05661768914064722
2020-12-08 00:00:00-05:00,114.46311201306746,114.52977328463153,114.07148498908943,114.12149047851562,12797700,0.0,0.0,0.0,-0.00116629733250051,-0.0011669779865158525,0.05819803097412948,0.04860109615646782
2020-12-09 00:00:00-05:00,113.82144217375622,113.82144217375622,113.42147482176568,113.70478820800781,20824700,0.0,0.0,0.0,-0.0036513917646936456,-0.0036580743677639828,0.059006832856213075,0.04970717782890255
2020-12-10 00:00:00-05:00,113.79649464649384,114.28810709070227,113.78815404329204,114.27143859863281,13527600,0.0,0.0,0.0,0.004983522677940222,0.004971146031300818,0.06483241119928135,0.051854823443901646
2020-12-11 00:00:00-05:00,114.27142278255458,114.41307315970396,114.0881075381654,114.38807678222656,9023000,0.0,0.0,0.0,0.0010207116058407184,0.0010201910339552981,0.05050380101149122,0.05053207507453637
2020-12-14 00:00:00-05:00,114.13808654181793,114.42139997631561,114.04642893066621,114.30473327636719,8004000,0.0,0.0,0.0,-0.0007286030869987359,-0.0007288686472277647,0.05085989055244475,0.0507555840643084
2020-12-15 00:00:00-05:00,114.29643896949722,114.55474339108703,114.22977771322654,114.52974700927734,12254500,0.0,0.0,0.0,0.001968542565653042,0.0019666075247940277,0.05084455072955556,0.050082205608139856
2020-12-16 00:00:00-05:00,114.29641420418784,114.66304467706925,114.05477832760609,114.43806457519531,12326000,0.0,0.0,0.0,-0.0008005119759375567,-0.0008008325567466357,0.03774999754036052,0.04927027146907894
2020-12-17 00:00:00-05:00,114.82215158377097,114.87224646854031,114.36292723954138,114.60505676269531,12338800,0.28,0.0,0.0,0.001459236383627216,0.001458172732835125,0.020257131738066394,0.04901111139442516
2020-12-18 00:00:00-05:00,114.7887452609937,114.82215034401683,114.39631834746244,114.52156829833984,8781900,0.0,0.0,0.0,-0.0007284884865800256,-0.0007287539632565305,0.021639821925223596,0.04504310015845479
2020-12-21 00:00:00-05:00,114.49651959434748,114.50486449485817,114.1124375856519,114.29612731933594,11925000,0.0,0.0,0.0,-0.0019685460333254134,-0.0019704861666473695,0.02638494777129062,0.04549484294962702
2020-12-22 00:00:00-05:00,114.54656015062228,114.63004733705101,114.37957303746475,114.61335754394531,10226800,0.0,0.0,0.0,0.002775511577247425,0.0027716669572050478,0.03050511961839979,0.04638792989163053
2020-12-23 00:00:00-05:00,114.32116606300757,114.65515316261528,114.09572636331052,114.6384506225586,7553100,0.0,0.0,0.0,0.0002189367727374325,0.0002189128095797513,0.029345814654570666,0.04559555499030766
2020-12-24 00:00:00-05:00,114.78877960274673,115.08101683525068,114.78877960274673,115.03092193603516,3397000,0.0,0.0,0.0,0.003423557378394504,0.0034177103471305682,0.03646724356793599,0.04703848961474362
2020-12-28 00:00:00-05:00,114.8639114106875,115.1394333005287,114.80545887991013,115.10604095458984,6279200,0.0,0.0,0.0,0.0006530332652332493,0.000652820131794268,0.034200891302253685,0.045469278013819905
2020-12-29 00:00:00-05:00,114.89731869718861,115.16449572036406,114.88897379469564,115.1561508178711,6581800,0.0,0.0,0.0,0.0004353365198357384,0.0004352417883853632,0.02357107660772281,0.04377076671035159
2020-12-30 00:00:00-05:00,115.13106692384633,115.31475664301534,115.0475669641131,115.30641174316406,5343100,0.0,0.0,0.0,0.0013048449798449546,0.0013039944094621711,0.020699823767809475,0.041595919361470744
2020-12-31 00:00:00-05:00,115.25631161004075,115.40660899926267,115.18952692628207,115.33146667480469,6932300,0.0,0.0,0.0,0.00021729001242731805,0.00021726640837178949,0.020704779282319112,0.0393713781412314
2021-01-04 00:00:00-05:00,115.13106837233806,115.13106837233806,114.70524914907355,114.74698638916016,14891400,0.0,0.0,0.0,-0.005067830163753673,-0.0050807151661417084,0.041121577979902506,0.04166132932704214
2021-01-05 00:00:00-05:00,114.43804792870915,114.43804792870915,114.01222874837742,114.37960815429688,16294400,0.0,0.0,0.0,-0.0032016373276883003,-0.00320677353425436,0.04340486333964759,0.03828035736120477
2021-01-06 00:00:00-05:00,113.36932749189153,113.5363146750296,113.05204292571537,113.45282745361328,19136500,0.0,0.0,0.0,-0.008102674205994642,-0.00813567927777397,0.06108695904673913,0.047923095077151964
2021-01-07 00:00:00-05:00,113.18563194761167,113.51126139709187,113.1689294080652,113.43611907958984,11886100,0.0,0.0,0.0,-0.0001472715524015733,-0.00014728239792148414,0.05527872729878198,0.047828668358042024
2021-01-08 00:00:00-05:00,113.3693102649182,113.46115511273372,113.09377572147162,113.35260772705078,13341400,0.0,0.0,0.0,-0.0007361971937744904,-0.0007364683200049648,0.05180490062453571,0.04620880908813598
2021-01-11 00:00:00-05:00,113.1272225269107,113.1272225269107,112.8600327836867,112.86837768554688,7557700,0.0,0.0,0.0,-0.004271891500457703,-0.004281042098493264,0.05053256569144388,0.04420409078604036
2021-01-12 00:00:00-05:00,112.8099221014913,113.16894393584822,112.50099515189984,113.11050415039062,16766200,0.0,0.0,0.0,0.002145210818200294,0.0021429131388906136,0.06368083173922767,0.0449298436191614
2021-01-13 00:00:00-05:00,113.35261354867028,114.08737236893057,113.3275661107345,113.9871826171875,16490700,0.0,0.0,0.0,0.007750637072850841,0.00772075518844446,0.07054454834303805,0.05372279491459887
2021-01-14 00:00:00-05:00,114.01223705151551,114.07903447021133,113.41941792328078,113.49456024169922,22050500,0.0,0.0,0.0,-0.0043217348141912915,-0.004331100503852042,0.08019324012043015,0.05508106443613982
2021-01-15 00:00:00-05:00,113.75341421080029,113.97884118427558,113.58641428041065,113.66991424560547,13680700,0.0,0.0,0.0,0.0015450432472958742,0.0015438508959761041,0.08030623448494548,0.055509649493277795
2021-01-19 00:00:00-05:00,113.62818089083694,113.95381041825834,113.5947885440561,113.87032318115234,12807500,0.0,0.0,0.0,0.0017630780921842337,0.0017615256944025093,0.06784772909644049,0.0556499093580638
2021-01-20 00:00:00-05:00,113.84525644422075,113.97883854901563,113.77845902167049,113.83689880371094,12218400,0.0,0.0,0.0,-0.0002935301886184405,-0.00029357327703629624,0.06920803367793305,0.05562853028072332
2021-01-21 00:00:00-05:00,113.36096178045149,113.49454385825503,113.21902206382687,113.3860092163086,25084300,0.0,0.0,0.0,-0.003960838639673558,-0.003968703535630176,0.04655121276044224,0.05685987579128973
2021-01-22 00:00:00-05:00,113.35260799597619,113.47785791982368,113.21902591363045,113.3025131225586,15998800,0.0,0.0,0.0,-0.0007363879752634306,-0.0007366592420684045,0.036585506598956055,0.055616755987560246
2021-01-25 00:00:00-05:00,113.51123155354212,113.86190834999225,113.49452901838694,113.7867660522461,14603700,0.0,0.0,0.0,0.0042739822475401645,0.004264874726448097,0.04858811136192252,0.05818231112035267
2021-01-26 00:00:00-05:00,113.56974332247155,113.92876520370308,113.51964843116558,113.77848052978516,11926900,0.0,0.0,0.0,-7.281622238153318e-05,-7.281887361135662e-05,0.04659661960098748,0.0564597971196968
2021-01-27 00:00:00-05:00,113.90370108035675,113.92040362178253,113.53632161082695,113.57807159423828,13822700,0.0,0.0,0.0,-0.0017613957807637304,-0.0017629488623074393,0.048009581019771715,0.05643290793191893
2021-01-28 00:00:00-05:00,113.58639036507432,113.70328264755211,113.35260580011874,113.39435577392578,16896900,0.0,0.0,0.0,-0.0016175289625345313,-0.001618838574921351,0.03931299885567523,0.05637393575499418
2021-01-29 00:00:00-05:00,113.06875777637968,113.46952960760585,112.68468848737744,113.21905517578125,18131600,0.0,0.0,0.0,-0.00154593759934607,-0.0015471337938636138,0.040686705309458025,0.055892116401201404
2021-02-01 00:00:00-05:00,113.25000230777053,113.52608053393992,113.19980858763837,113.44242858886719,10682300,0.267,0.0,0.0,0.001972931259134114,0.0019709875863261673,0.025320684522796823,0.05670211620265121
2021-02-02 00:00:00-05:00,113.11613086782049,113.24161513955791,112.97389833926522,113.14122772216797,12710600,0.0,0.0,0.0,-0.002655098894178476,-0.002658629920782156,0.02835620927467749,0.0549233183995491
2021-02-03 00:00:00-05:00,112.94043383501938,113.00736303136688,112.83167229527483,112.87350463867188,13189600,0.0,0.0,0.0,-0.0023662734520922823,-0.0023690775014223358,0.02951764492626339,0.05449679585286782
2021-02-04 00:00:00-05:00,112.78150128928583,113.12450870256541,112.63092014127518,113.0659408569336,10689500,0.0,0.0,0.0,0.0017048838775559627,0.0017034322127504017,0.03564522915129526,0.047379325412114634
2021-02-05 00:00:00-05:00,113.14124892445483,113.25837185517142,112.70621542517524,112.7647705078125,12016300,0.0,0.0,0.0,-0.002663669950813685,-0.0026672238319308548,0.03833903223745646,0.04820061885507281
2021-02-08 00:00:00-05:00,112.88188049674956,113.2834557264023,112.8316867844031,113.24998474121094,13460300,0.0,0.0,0.0,0.004302888492685897,0.00429365753836714,0.05057642205390025,0.05083226280159605
2021-02-09 00:00:00-05:00,113.33363770785172,113.35037319871515,112.8400492336144,113.07429504394531,11755100,0.0,0.0,0.0,-0.0015513441142362971,-0.0015525486944901999,0.04792468356382646,0.04870120830234945
2021-02-10 00:00:00-05:00,113.25837381370157,113.40059360592804,113.18307046980568,113.34202575683594,9414500,0.0,0.0,0.0,0.002367741605522111,0.0023649429222022426,0.045642683735413005,0.04883165269659935
2021-02-11 00:00:00-05:00,113.39220126131578,113.40893675343129,112.9739033165094,113.04083251953125,9241100,0.0,0.0,0.0,-0.0026573835723641137,-0.0026609206837869435,0.05062226072317105,0.04048543517375941
2021-02-12 00:00:00-05:00,112.61418204274608,112.89026023982154,112.58072382133142,112.67273712158203,13717100,0.0,0.0,0.0,-0.0032563047329434713,-0.003261618030813797,0.05268968405690673,0.03928006817595434
2021-02-16 00:00:00-05:00,112.120610735629,112.34648248715692,111.86126799209778,111.87799072265625,21429200,0.0,0.0,0.0,-0.007053582075211229,-0.007078576186614107,0.05377590850563485,0.04516536322966289
2021-02-17 00:00:00-05:00,112.38832098416883,112.46361157212458,112.12897822646983,112.43851470947266,16195400,0.0,0.0,0.0,0.005010136338664983,0.004997627369296021,0.07608081804928071,0.04891511075835223
2021-02-18 00:00:00-05:00,112.21263167709583,112.39668382835639,111.97001167523301,112.22099304199219,15414100,0.0,0.0,0.0,-0.0019345832523892659,-0.0019364569755417579,0.06951017779861977,0.04911274525036006
2021-02-19 00:00:00-05:00,111.92817028472264,112.02019635292433,111.39274936939688,111.40948486328125,13678500,0.0,0.0,0.0,-0.007231340203942782,-0.007257613079873138,0.07923023801871017,0.05318698633081327
2021-02-22 00:00:00-05:00,111.21702749746056,111.45127325768644,110.6397744578195,110.7150650024414,17978100,0.0,0.0,0.0,-0.006233040765712294,-0.006252547263077573,0.082826545048495,0.05647603110183875
2021-02-23 00:00:00-05:00,110.35535707013979,110.82384868428088,110.22986003856973,110.79875183105469,23482500,0.0,0.0,0.0,0.0007558757122296811,0.0007555901820580001,0.08016223761141994,0.05328662775459929
2021-02-24 00:00:00-05:00,110.12947623968829,110.99116893656931,109.8868690620606,110.96607208251953,18120000,0.0,0.0,0.0,0.001510127584469334,0.0015089884884513251,0.06312117924356923,0.0540701924687702
2021-02-25 00:00:00-05:00,110.20477972783341,110.35537363523483,108.57342019605706,109.209228515625,35471200,0.0,0.0,0.0,-0.01583225876093064,-0.015958927719136432,0.11183482858631619,0.07490620217511564
2021-02-26 00:00:00-05:00,109.96215622764322,110.69836463153499,109.58569066308551,110.65653228759766,23284400,0.0,0.0,0.0,0.013252577567339774,0.013165530384224418,0.17012813752513284,0.09234542441689982
2021-03-01 00:00:00-05:00,110.35389939355332,110.79819772415505,110.35389939355332,110.7646713256836,23890800,0.269,0.0,0.0,0.0009772494750230898,0.000976772277623507,0.164592317231648,0.09265574972089652
2021-03-02 00:00:00-05:00,110.73954370063633,110.74792210393223,110.46290289440704,110.6389389038086,13633400,0.0,0.0,0.0,-0.0011351310880101106,-0.0011357758372663928,0.16468873028544453,0.09195207910450362
2021-03-03 00:00:00-05:00,110.06051495272082,110.52997418200839,109.76711732480419,109.81741333007812,24043300,0.0,0.0,0.0,-0.007425284279386601,-0.007452988931176722,0.17079172744379947,0.09445453449586357
2021-03-04 00:00:00-05:00,109.859323388295,109.95153698878418,108.81982578200366,108.92041778564453,21771800,0.0,0.0,0.0,-0.00816806294405692,-0.008201604340543895,0.13712804712774002,0.09738207964826523
2021-03-05 00:00:00-05:00,108.63538348390126,108.92040264891124,108.36713391431937,108.77789306640625,23789400,0.0,0.0,0.0,-0.001308521598941792,-0.0013093784608923852,0.06525989225830976,0.09654263004212613
2021-03-08 00:00:00-05:00,108.58508085008557,108.66052483771902,107.74678021028474,107.7635498046875,15029200,0.0,0.0,0.0,-0.00932490263531316,-0.009368651722946326,0.0625342369033407,0.10006041090431571
2021-03-09 00:00:00-05:00,108.31686521710894,108.66055886555341,108.27494761370157,108.57673645019531,21900300,0.0,0.0,0.0,0.00754602689853523,0.00751769806174288,0.11159299603911062,0.10347979628255628
2021-03-10 00:00:00-05:00,108.73598136813736,109.22218448163163,108.73598136813736,109.08806610107422,19440400,0.0,0.0,0.0,0.0047093849713695235,0.004698330510852322,0.11930563947087378,0.1062567976141671
2021-03-11 00:00:00-05:00,109.22220417382918,109.44017056550683,109.0293985739608,109.1551513671875,20622100,0.0,0.0,0.0,0.0006149642991297721,0.0006147752860720552,0.10262235716706171,0.10553085450429099
2021-03-12 00:00:00-05:00,108.24981285338308,108.3839312926556,107.85581035777297,107.8977279663086,14352000,0.0,0.0,0.0,-0.01151959742741826,-0.011586461987737013,0.13433356487509518,0.11096841190053124
2021-03-15 00:00:00-04:00,107.9982833190395,108.37551608484117,107.9982833190395,108.26653289794922,10111200,0.0,0.0,0.0,0.0034180972907584817,0.0034122688738351223,0.11755045959408258,0.11272261147770701
2021-03-16 00:00:00-04:00,108.316861509531,108.4677495268848,108.03182949099124,108.19110870361328,11356900,0.0,0.0,0.0,-0.0006966529020286938,-0.0006968956774216493,0.10195984734673451,0.11116698780291909
2021-03-17 00:00:00-04:00,107.70490179688507,108.52644593256653,107.56239217125639,108.29170989990234,19086100,0.0,0.0,0.0,0.0009298471703866884,0.0009294151303066386,0.09242401164501358,0.10884361536003667
2021-03-18 00:00:00-04:00,107.31091062302295,107.82227476478087,107.22708819460311,107.67138671875,21368700,0.0,0.0,0.0,-0.005728261025019665,-0.005744730436378032,0.09444134950587298,0.10971009235069867
2021-03-19 00:00:00-04:00,107.66298753167112,107.90610197640073,107.50372109205581,107.83065795898438,19776100,0.0,0.0,0.0,0.0014792345960066289,0.001478141606237708,0.05496969957267458,0.10859943383253105
2021-03-22 00:00:00-04:00,108.19114532355668,108.52647346138106,108.08216207983119,108.21629333496094,16677200,0.0,0.0,0.0,0.0035763055078754658,0.0035699257334896083,0.05561878826822782,0.1086417333491001
2021-03-23 00:00:00-04:00,108.21627732947734,108.6354278461689,108.21627732947734,108.53483581542969,32228000,0.0,0.0,0.0,0.0029435722722710445,0.0029392484463280186,0.059009311236371674,0.10941709173941862
2021-03-24 00:00:00-04:00,108.31686490274929,108.91205137845397,108.31686490274929,108.86175537109375,13435400,0.0,0.0,0.0,0.003012116369899953,0.003007589036345721,0.061454330743901775,0.11000406996216455
2021-03-25 00:00:00-04:00,108.92044503427144,108.99590184733431,108.51806412758914,108.73603057861328,12945900,0.0,0.0,0.0,-0.001154903226131987,-0.0011555706407785568,0.030348897397864838,0.094946315250467
2021-03-26 00:00:00-04:00,108.51803574842832,108.82821574189381,108.41744374592874,108.6605453491211,14315000,0.0,0.0,0.0,-0.0006942062266804827,-0.0006944472993989753,0.035970566578161486,0.08055281159759528
2021-03-29 00:00:00-04:00,108.70247700938083,108.73601620885611,108.23303054838037,108.40068817138672,11279900,0.0,0.0,0.0,-0.0023914584350691603,-0.0023943225389605957,0.03943460057321529,0.08040038482556974
2021-03-30 00:00:00-04:00,108.35878488767409,108.80308340351166,108.12406162615456,108.73603057861328,20219000,0.0,0.0,0.0,0.003093545003112652,0.003088769838359597,0.0400669781033204,0.08174204793987166
2021-03-31 00:00:00-04:00,108.90363452086395,109.29763682800684,108.83656893757876,109.02099609375,23764600,0.0,0.0,0.0,0.0026207091947383354,0.0026172811244074036,0.0385088406810249,0.07875505856419844
2021-04-01 00:00:00-04:00,109.57874873258162,109.73832681532754,109.3183561611296,109.7047348022461,16390900,0.254,0.0,0.0,0.0062716241182398935,0.006252039326679959,0.05390888070154975,0.07639221021155448
2021-04-05 00:00:00-04:00,109.35194812560572,109.44434217131874,109.12516041040364,109.16716003417969,17015500,0.0,0.0,0.0,-0.00490019659621288,-0.004912241925317983,0.07147727882422525,0.07847430194394504
2021-04-06 00:00:00-04:00,109.32677234799257,109.93153116276972,109.32677234799257,109.8979263305664,15762000,0.0,0.0,0.0,0.006694012156750473,0.006671706743846093,0.07387069629319076,0.07313163812608237
2021-04-07 00:00:00-04:00,109.85591540533594,109.9651118740389,109.53674643114462,109.67953491210938,10976500,0.0,0.0,0.0,-0.0019872205577393665,-0.0019891977002916964,0.08088131314789371,0.06953966238265237
2021-04-08 00:00:00-04:00,109.82234572334765,110.09952794269316,109.75514886867393,110.08272552490234,7452800,0.0,0.0,0.0,0.0036760787973442177,0.0036693385331266187,0.08194549882715454,0.0688058007035104
2021-04-09 00:00:00-04:00,109.72994805498702,110.11632675257903,109.64594878527468,109.8559341430664,7568300,0.0,0.0,0.0,-0.0020601904681641914,-0.0020623155798048967,0.07535126552489176,0.06938023745555884
2021-04-12 00:00:00-04:00,109.7803321930303,109.83913423961124,109.62914890151575,109.83072662353516,10579800,0.0,0.0,0.0,-0.00022945978956789848,-0.00022948611949326253,0.06104154405583431,0.053583404484393124
2021-04-13 00:00:00-04:00,109.70471762325299,110.32627870806922,109.6627180011126,110.31787109375,9582100,0.0,0.0,0.0,0.00443541152089999,0.00442560407257268,0.04924402543367157,0.05433549118122191
2021-04-14 00:00:00-04:00,110.16673278808594,110.27591647042179,109.98194462845237,110.16673278808594,10219300,0.0,0.0,0.0,-0.0013700255830320085,-0.0013709649261284945,0.0472227967784427,0.05465686762207486
2021-04-15 00:00:00-04:00,110.58666616601349,111.1410304575211,110.57825855110552,110.8470458984375,17234400,0.0,0.0,0.0,0.0061753044057337725,0.006156315348855296,0.05849808643524575,0.05776423187147472
2021-04-16 00:00:00-04:00,110.26749072187341,110.60346210882891,110.07430781519834,110.09111022949219,21100200,0.0,0.0,0.0,-0.006819628460265292,-0.006842988391042326,0.08144241019968226,0.05959453182084077
2021-04-19 00:00:00-04:00,109.84751873097929,109.94830758253086,109.72153266653984,109.8055191040039,10868200,0.0,0.0,0.0,-0.002594134302878248,-0.002597504899718076,0.08434246598705694,0.06100489410577778
2021-04-20 00:00:00-04:00,109.77195605292526,110.19192680050459,109.73835121588446,110.01553344726562,11996200,0.0,0.0,0.0,0.001912602799708063,0.0019107761037650021,0.07754689543948172,0.06032427534665802
2021-04-21 00:00:00-04:00,110.08271182319288,110.39348602294922,109.94831813057307,110.39348602294922,10473600,0.0,0.0,0.0,0.003435447375844891,0.003429559707172663,0.0816964864653749,0.06057740406250458
2021-04-22 00:00:00-04:00,110.494267860593,110.59505670371648,110.25067773439702,110.5026626586914,16487100,0.0,0.0,0.0,0.0009889771550424253,0.0009884884393284036,0.0653472862476883,0.06004580204687938
2021-04-23 00:00:00-04:00,110.63709241059868,110.77988092375487,110.443909459445,110.5950927734375,15170600,0.0,0.0,0.0,0.0008364514711431958,0.0008361018405638314,0.03520557202052481,0.059620215688625584
2021-04-26 00:00:00-04:00,110.62025410806082,110.77145018949628,110.52786006287407,110.54466247558594,10915200,0.0,0.0,0.0,-0.0004559903752228145,-0.0004560943704490455,0.022896015845217808,0.05954408215507792
2021-04-27 00:00:00-04:00,110.53628555755398,110.5698775719258,110.04911804199219,110.04911804199219,10418200,0.0,0.0,0.0,-0.004482753146975216,-0.004492830813268046,0.04611966288804991,0.06149261951642342
2021-04-28 00:00:00-04:00,110.04067498559719,110.124674219205,109.67950647734752,110.06587219238281,15731100,0.0,0.0,0.0,0.00015224247762013476,0.00015223088991021832,0.03571792286074371,0.06089695168123403
2021-04-29 00:00:00-04:00,109.75513286422394,109.97351299770226,109.49475310063771,109.93152618408203,11697300,0.0,0.0,0.0,-0.0012205964085394427,-0.0012213419430619674,0.03288799175284217,0.06074522840463117
2021-04-30 00:00:00-04:00,109.99869374400552,110.2338762302119,109.9230893033444,110.15827178955078,11860200,0.0,0.0,0.0,0.002062607637131064,0.0020604833824997173,0.03803144697137206,0.0570981047418993
2021-05-03 00:00:00-04:00,110.35608075569097,110.60854377615807,110.13726234934511,110.42340850830078,9029900,0.255,0.0,0.0,0.002406870718310916,0.0024039788442986594,0.044492186067743626,0.05423990008089946
2021-05-04 00:00:00-04:00,110.6506550241549,110.76006425679095,110.32244016770596,110.49075317382812,14006800,0.0,0.0,0.0,0.0006098767139783856,0.0006096908147551572,0.02343135150617191,0.04920654081436815
2021-05-05 00:00:00-04:00,110.3476364686443,110.66744002436764,110.3476364686443,110.62535858154297,5722300,0.0,0.0,0.0,0.0012182504313558162,0.0012175089664312809,0.022781594631012484,0.04856453120026846
2021-05-06 00:00:00-04:00,110.66745669811615,110.88626225573603,110.55804749857853,110.83576965332031,9383600,0.0,0.0,0.0,0.0019020148225983302,0.001900208282753301,0.011431757481156084,0.04738769074702642
2021-05-07 00:00:00-04:00,111.15558320253936,111.37438877973621,110.69271290322246,110.87786102294922,11267200,0.0,0.0,0.0,0.0003797634081539325,0.00037969131628217193,0.013556952570660807,0.0465287441857763
2021-05-10 00:00:00-04:00,110.68429335099066,110.89468775822031,110.27191568989652,110.28032684326172,9705000,0.0,0.0,0.0,-0.005389120733162667,-0.00540369442748195,0.04650804682249115,0.050948079964199304
2021-05-11 00:00:00-04:00,109.85951525813554,110.06990962175661,109.75853007286234,109.87635040283203,12179400,0.0,0.0,0.0,-0.0036631777579317903,-0.003669903623960691,0.051158029674690374,0.05014181208734699
2021-05-12 00:00:00-04:00,109.51453329544536,109.66601114947704,109.21997590177132,109.27889251708984,12569900,0.0,0.0,0.0,-0.005437547602844206,-0.00545238487483537,0.053823076631116115,0.05337944331476925
2021-05-13 00:00:00-04:00,109.51450665388045,109.85954374016865,109.51450665388045,109.69123077392578,9508200,0.0,0.0,0.0,0.0037732653336641775,0.0037661644248284678,0.06401197744836379,0.05003158678810526
2021-05-14 00:00:00-04:00,110.09519043778691,110.31399599611363,109.96894608988445,110.28874969482422,8987200,0.0,0.0,0.0,0.005447280668496868,0.00543249789480235,0.08339244437083572,0.048466962104530546
2021-05-17 00:00:00-04:00,110.28874281414744,110.2971539669007,110.09518356918588,110.1624984741211,6001600,0.0,0.0,0.0,-0.0011447334479035565,-0.0011453891556917877,0.0744565690278215,0.04766718090743817
2021-05-18 00:00:00-04:00,109.96893396991251,110.01942656692641,109.78378588655889,109.80062103271484,8835300,0.0,0.0,0.0,-0.003284942211902231,-0.003290349479525078,0.07339060870951011,0.048701296180045116
2021-05-19 00:00:00-04:00,109.70809430740628,109.9773925547783,109.38829059978373,109.60710906982422,20069600,0.0,0.0,0.0,-0.001762394065448536,-0.0017639489089693815,0.06007371718803102,0.04717728816152871
2021-05-20 00:00:00-04:00,109.9437014385544,110.38973655663503,109.9437014385544,110.3560791015625,10498100,0.0,0.0,0.0,0.006833224944023941,0.006809984274867463,0.07281508551175869,0.053517498179548005
2021-05-21 00:00:00-04:00,110.51598663469578,110.60013669746657,110.32241452326487,110.43182373046875,7826100,0.0,0.0,0.0,0.0006863657129076994,0.0006861302716881324,0.06250752086696476,0.053486760978194235
2021-05-24 00:00:00-04:00,110.66743636112095,110.79366784396309,110.54961602998397,110.7347640991211,5756400,0.0,0.0,0.0,0.002743234317960086,0.002739478517823776,0.06307296237860455,0.054377468583301176
2021-05-25 00:00:00-04:00,110.81895860929214,111.18084374107632,110.80213629913148,111.14718627929688,11428000,0.0,0.0,0.0,0.0037244146725829985,0.003717496213076742,0.05130274220879972,0.05300731836667732
2021-05-26 00:00:00-04:00,110.98724113097133,111.19763549899852,110.86942079853422,111.08822631835938,28568500,0.0,0.0,0.0,-0.0005304674181255686,-0.0005306081657432995,0.045336321680441195,0.053122309753654104
2021-05-27 00:00:00-04:00,110.9283568197785,110.93678081548063,110.26351607360965,110.75163269042969,15033000,0.0,0.0,0.0,-0.0030299667128096397,-0.0030345663554759146,0.042556582172113645,0.05426105182532708
2021-05-28 00:00:00-04:00,110.82739549827826,111.1387752114286,110.80214918864228,110.84423065185547,10432400,0.0,0.0,0.0,0.0008360866488046348,0.0008357373230599807,0.042562685365996,0.0539294266407523
2021-06-01 00:00:00-04:00,110.83323247669219,110.88382379772187,110.55496734446714,110.85852813720703,6390600,0.257,0.0,0.0,0.00012898718559806177,0.0001289788674663181,0.03871727417511496,0.05336120064757531
2021-06-02 00:00:00-04:00,110.93439324459116,111.10303523695768,110.92596564826857,111.03557586669922,8140400,0.0,0.0,0.0,0.0015970600770836008,0.0015957861328353288,0.028095023121415208,0.0535759001711653
2021-06-03 00:00:00-04:00,110.71516524996132,110.79105222018114,110.57181890624834,110.59711456298828,10028100,0.0,0.0,0.0,-0.003948836220179719,-0.003956653460046238,0.038996797409494556,0.055445999341601215
2021-06-04 00:00:00-04:00,110.9597360628507,111.38978812271941,110.91757233019783,111.38134765625,11427200,0.0,0.0,0.0,0.007090900123032373,0.007065877907807516,0.06281617028658765,0.06063221128848875
2021-06-07 00:00:00-04:00,111.28013899141983,111.34759837459015,111.18738394788087,111.28856658935547,5000100,0.0,0.0,0.0,-0.0008330036298436205,-0.000833350770160104,0.06442336445916662,0.06075114904347757
2021-06-08 00:00:00-04:00,111.57528390538526,111.75235354656687,111.57528390538526,111.71018981933594,10626800,0.0,0.0,0.0,0.0037885583658940902,0.003781399853246833,0.06717666455885872,0.058252164012768504
2021-06-09 00:00:00-04:00,112.13180728593524,112.2835941386776,111.96316523465997,112.11495208740234,12152200,0.0,0.0,0.0,0.003623324503530201,0.0036167760765848473,0.06880751136748134,0.05681972430722141
2021-06-10 00:00:00-04:00,111.92942868007032,112.62930533299202,111.8451012311642,112.62086486816406,16424100,0.0,0.0,0.0,0.004512447013912402,0.004502296449353783,0.04538826994318864,0.05265772876106902
2021-06-11 00:00:00-04:00,112.71361541748047,112.82323852337146,112.51123726811905,112.71361541748047,12707000,0.0,0.0,0.0,0.000823564527097087,0.000823225583913563,0.036219510121379306,0.05201515083033161
2021-06-14 00:00:00-04:00,112.56180964094112,112.578664832036,112.148625861071,112.30039978027344,8327200,0.0,0.0,0.0,-0.0036660667451444695,-0.0036728032371604246,0.053519825713289795,0.052585106271469034
2021-06-15 00:00:00-04:00,112.19926314386885,112.41850938352466,112.11494855417021,112.38477325439453,17848200,0.0,0.0,0.0,0.0007513194457560157,0.000751037346590113,0.05074012279070514,0.05203054839614955
2021-06-16 00:00:00-04:00,112.5196939987255,112.74736784134997,111.75235787968407,112.06434631347656,22698500,0.0,0.0,0.0,-0.0028511597402314237,-0.002855232038520793,0.052130970647932054,0.05157708135170333
2021-06-17 00:00:00-04:00,112.33419466614522,113.21114112452562,112.33419466614522,112.68834686279297,22735800,0.0,0.0,0.0,0.0055682344103529235,0.0055527891020008815,0.05818542196241513,0.05286873367413327
2021-06-18 00:00:00-04:00,112.89913952238382,113.4725379168222,112.79795686842077,113.2785873413086,21169700,0.0,0.0,0.0,0.005237812914535844,0.005224143284339176,0.0689641653062959,0.05095995330901884
2021-06-21 00:00:00-04:00,112.78107930114837,112.92442567103899,112.5449778840859,112.62086486816406,22492000,0.0,0.0,0.0,-0.005806238306652056,-0.005823160041162378,0.07904004622314449,0.05688511364613442
2021-06-22 00:00:00-04:00,112.25827619230101,112.81479356439053,112.24140813055249,112.80636596679688,12098400,0.0,0.0,0.0,0.001647129054193952,0.001645774024868092,0.07941732503665498,0.0565687204290058
2021-06-23 00:00:00-04:00,112.64620395791242,112.82328652226087,112.52815320386918,112.62934875488281,12519100,0.0,0.0,0.0,-0.0015692129641527996,-0.0015704454683593684,0.07620223744159316,0.056224199995956584
2021-06-24 00:00:00-04:00,112.73892576898403,112.89071261742508,112.6883344416915,112.84854888916016,8241300,0.0,0.0,0.0,0.0019462079529057874,0.001944316543860433,0.06625894102362483,0.05621101196606655
2021-06-25 00:00:00-04:00,112.85695891537584,112.9328458944984,112.26670541126474,112.55339813232422,10981600,0.0,0.0,0.0,-0.002615459035506418,-0.002618885324005027,0.051027610598550543,0.05585530341947656
2021-06-28 00:00:00-04:00,112.82325946017161,113.09308417616361,112.78952332907004,113.03406524658203,12359900,0.0,0.0,0.0,0.004270569545067993,0.004261476541957612,0.04443035243259613,0.05718860153526614
2021-06-29 00:00:00-04:00,112.83168648300138,113.17741105892291,112.79796321863627,113.16898345947266,11194400,0.0,0.0,0.0,0.001193606658278723,0.0011928948761869738,0.04395848580176019,0.05710208796872809
2021-06-30 00:00:00-04:00,113.35447485884896,113.51468930607763,113.21956894179205,113.29545593261719,17381500,0.0,0.0,0.0,0.0011175542032664243,0.0011169302044262194,0.03932607560686776,0.057065182207324254
2021-07-01 00:00:00-04:00,113.24729626423566,113.34022630098411,112.98540603999075,113.19660949707031,11062700,0.253,0.0,0.0,-0.0008724660202229506,-0.0008728468402189552,0.040935678344998686,0.054503998858781
2021-07-02 00:00:00-04:00,113.23041313920535,113.52610317922077,113.16282647603502,113.51764678955078,6896200,0.0,0.0,0.0,0.002836103430189585,0.0028320892767680203,0.030854798185772792,0.05030200107245987
2021-07-06 00:00:00-04:00,113.65284278847629,114.20196681137769,113.65284278847629,113.93163299560547,11499900,0.0,0.0,0.0,0.0036468885478411206,0.0036402547733330854,0.027754836681011554,0.05070179402335093
2021-07-07 00:00:00-04:00,114.15968139075797,114.4722583401253,114.03295159905431,114.32019805908203,16902400,0.0,0.0,0.0,0.003410510788444121,0.003404708186007717,0.030147756864892065,0.05046092422595863
2021-07-08 00:00:00-04:00,114.27800570660301,114.55679590355234,114.18507564095323,114.37937927246094,17494900,0.0,0.0,0.0,0.0005176794160934861,0.0005175454663312587,0.03155657950099926,0.049647956417004396
2021-07-09 00:00:00-04:00,113.88091200285147,113.94849865920271,113.81332534650022,113.89781188964844,13192600,0.0,0.0,0.0,-0.004210263999294583,-0.004219152117087393,0.05221657510169782,0.05110802289923464
2021-07-12 00:00:00-04:00,114.00759845596595,114.0582852119732,113.75415178509654,113.83863830566406,12577200,0.0,0.0,0.0,-0.0005195322280792114,-0.0005196672317084003,0.051179276752799895,0.05124142090446064
2021-07-13 00:00:00-04:00,113.9653606147417,114.01606026399288,113.23037683602173,113.4162368774414,19922400,0.0,0.0,0.0,-0.003710527765524385,-0.0037174288500733434,0.04994290127101263,0.05128960409097514
2021-07-14 00:00:00-04:00,113.73729351315478,113.96538397278192,113.72883712446283,113.9400405883789,14420100,0.0,0.0,0.0,0.00461841906731153,0.004607786893292955,0.05678241698651245,0.053337488422321305
2021-07-15 00:00:00-04:00,114.23570720520561,114.29483745976066,113.85554362615987,114.18502044677734,15859100,0.0,0.0,0.0,0.0021500769802553776,0.002147768872558918,0.06000788487806546,0.05186412281120739
2021-07-16 00:00:00-04:00,113.88091931291102,114.15970945419181,113.88091931291102,114.0245361328125,9624600,0.0,0.0,0.0,-0.0014054760715276338,-0.001406464679439869,0.05126089680059956,0.04946740394952753
2021-07-19 00:00:00-04:00,114.59898329787902,114.96225992396853,114.54829653396773,114.84398651123047,21808500,0.0,0.0,0.0,0.007186614444662176,0.007160913791403113,0.06997285663008049,0.05229653562799407
2021-07-20 00:00:00-04:00,115.20725210299149,115.35086889999951,114.53141138550326,114.6834716796875,24764800,0.0,0.0,0.0,-0.0013976772874152443,-0.0013986549493919317,0.05974368878284387,0.04711620524815727
2021-07-21 00:00:00-04:00,114.25261834924501,114.42157852427017,114.07520178642581,114.27796173095703,22385000,0.0,0.0,0.0,-0.0035359057655933723,-0.0035421718556147667,0.06683553949230016,0.04957172451054103
2021-07-22 00:00:00-04:00,114.37091966475674,114.81021364883291,114.27798961219483,114.75108337402344,6074900,0.0,0.0,0.0,0.004140095219586248,0.004131548606446892,0.0711011296587027,0.05031439198455271
2021-07-23 00:00:00-04:00,114.30329207381077,114.70879902578098,114.2610488121645,114.70035552978516,11455300,0.0,0.0,0.0,-0.00044206854303008303,-0.0004421662841350247,0.06935740947355987,0.050394015491223305
2021-07-26 00:00:00-04:00,114.80178080351784,114.80178080351784,114.37093027847739,114.44696044921875,8684600,0.0,0.0,0.0,-0.0022091917622749646,-0.0022116356263692455,0.04648494945890426,0.050046226187927326
2021-07-27 00:00:00-04:00,114.84398250907716,114.9369125366211,114.61587918859027,114.9369125366211,10506100,0.0,0.0,0.0,0.004281040627721611,0.004271903042925453,0.05726284831675508,0.05005576108467235
2021-07-28 00:00:00-04:00,114.69192102663456,115.1481277141265,114.58210399440105,115.1396713256836,12225700,0.0,0.0,0.0,0.0017640876598099542,0.0017625334847065073,0.04511233435106239,0.05015011798835711
2021-07-29 00:00:00-04:00,114.79333181223784,114.90314886777549,114.70040175549751,114.81021881103516,15828800,0.0,0.0,0.0,-0.002861329295587023,-0.002865430723815443,0.04671918692884541,0.05184788943049587
2021-07-30 00:00:00-04:00,114.86089919689438,115.0467463883359,114.8355429212777,114.90312957763672,11148100,0.0,0.0,0.0,0.00080925520013575,0.0008089279296979105,0.04663804289583527,0.05152725883630004
2021-08-02 00:00:00-04:00,115.03261017534741,115.53193933702894,114.97337407995009,115.23573303222656,12042700,0.243,0.0,0.0,0.0028946422592006638,0.0028904608494763795,0.04287020609522659,0.0515590494599106
2021-08-03 00:00:00-04:00,115.26112879119339,115.43885000211138,115.21880991252908,115.3542251586914,13121700,0.0,0.0,0.0,0.0010282585387964005,0.0010277302431037864,0.03436735038842287,0.05043761912351484
2021-08-04 00:00:00-04:00,115.62503697606749,115.76045221548273,114.8633488536958,115.37960815429688,14426200,0.0,0.0,0.0,0.0002200439175119584,0.00022001971140001475,0.0331587654365575,0.04936096813400926
2021-08-05 00:00:00-04:00,115.19342551894178,115.21881426431756,114.88028905003436,114.90567779541016,13960900,0.0,0.0,0.0,-0.004107574695980332,-0.004116033953556746,0.04114306355631857,0.05195868818533315
2021-08-06 00:00:00-04:00,114.24549841178009,114.38937221539462,113.94927928357706,113.9662094116211,8641500,0.0,0.0,0.0,-0.008175996189342283,-0.008209602950708054,0.070970685827135,0.05801253447320662
2021-08-09 00:00:00-04:00,113.99164693134377,114.09320191526228,113.47538757324219,113.47538757324219,14166600,0.0,0.0,0.0,-0.004306731275111275,-0.004316031955542691,0.05955446074060563,0.060016829730419434
2021-08-10 00:00:00-04:00,113.61081224249668,113.61927085388768,113.22149658203125,113.22149658203125,12103500,0.0,0.0,0.0,-0.002237410214149471,-0.0022399169561540914,0.04897509288533351,0.05907916198013361
2021-08-11 00:00:00-04:00,113.22145871900022,113.68694046805193,113.04373754184807,113.3991928100586,15902200,0.0,0.0,0.0,0.0015694566260975318,0.0015682263161574362,0.05621836445043944,0.05681139760773861
2021-08-12 00:00:00-04:00,113.40764224517321,113.58537632185481,113.29761577323197,113.55997467041016,14593200,0.0,0.0,0.0,0.001417839548654154,0.001416835363231763,0.0651350235947896,0.056462610032523536
2021-08-13 00:00:00-04:00,113.83929669829143,114.35555603442889,113.74620032902374,114.32170867919922,17846600,0.0,0.0,0.0,0.006707768392868019,0.0066853714145051245,0.06689739464082325,0.061422333497800234
2021-08-16 00:00:00-04:00,114.60098575810159,114.81256721932816,114.36401555464042,114.389404296875,15203000,0.0,0.0,0.0,0.0005921501564130072,0.0005919749046892814,0.051356177092615946,0.055565435107957
2021-08-17 00:00:00-04:00,114.20320179882302,114.364005761811,114.10164683858068,114.18627166748047,15055900,0.0,0.0,0.0,-0.001775799346479201,-0.0017773779472676657,0.04923841854536179,0.05569028289596031
2021-08-18 00:00:00-04:00,114.19475515739678,114.34710054486033,113.91547895588057,114.1101303100586,9134600,0.0,0.0,0.0,-0.000666817090268168,-0.0006670395116658607,0.05209505551520892,0.05433330691835398
2021-08-19 00:00:00-04:00,114.28786741497638,114.46560157273697,114.1186047828636,114.37250518798828,15681600,0.0,0.0,0.0,0.0022993127535368973,0.0022966733790249897,0.05264160034610277,0.05281410287186549
2021-08-20 00:00:00-04:00,114.49939350149208,114.58403123352868,114.29628360685189,114.44861602783203,10782100,0.0,0.0,0.0,0.0006654644813335331,0.0006652431580286639,0.024374083634466855,0.052881913626011516
2021-08-23 00:00:00-04:00,114.53328704833984,114.64331354918508,114.42326054749462,114.53328704833984,12064300,0.0,0.0,0.0,0.0007398169016497036,0.0007395433720252992,0.024537031689500898,0.052358745834197376
2021-08-24 00:00:00-04:00,114.42325225401825,114.50789000451977,114.17782343981607,114.27091979980469,13782900,0.0,0.0,0.0,-0.002290751058462326,-0.00229337884250131,0.027331812665392738,0.05046575563046202
2021-08-25 00:00:00-04:00,114.27093543991423,114.36403181264482,113.83930093274996,113.97471618652344,15533600,0.0,0.0,0.0,-0.0025921171703192636,-0.0025954825228816673,0.03364305712914823,0.05048795447096438
2021-08-26 00:00:00-04:00,114.11011952618337,114.12704965961474,113.78851156052747,113.94085693359375,14673700,0.0,0.0,0.0,-0.0002970768786497713,-0.00029712101472710725,0.02534386594421205,0.04971423617646888
2021-08-27 00:00:00-04:00,114.06781417730028,114.61792089693283,113.89009295387234,114.57561492919922,11670000,0.0,0.0,0.0,0.00557094279162218,0.005555482482250205,0.05227864383813062,0.05391489942819742
2021-08-30 00:00:00-04:00,114.46557820132172,114.81257492034582,114.4401894573842,114.77025604248047,9119900,0.0,0.0,0.0,0.0016988005117977156,0.0016973591823315523,0.053305466365182394,0.05318514860432476
2021-08-31 00:00:00-04:00,114.73643096523638,114.91415220730462,114.42328153935986,114.50791931152344,15644700,0.0,0.0,0.0,-0.0022857553864821245,-0.002288371712940746,0.05328948293643158,0.05347269699049607
2021-09-01 00:00:00-04:00,114.73170131808993,114.78256677201186,114.35019747739518,114.65540313720703,16028100,0.234,0.0,0.0,0.0012879792644067134,0.00128715053063223,0.046113523761908366,0.05376065714425882
2021-09-02 00:00:00-04:00,114.76561381039402,114.85887145996094,114.6214907040235,114.85887145996094,11822200,0.0,0.0,0.0,0.0017746073642113114,0.0017730346089698723,0.044196076737701984,0.052283058650156755
2021-09-03 00:00:00-04:00,114.3756412626432,114.52823763916263,114.29934307438349,114.44346618652344,7681300,0.0,0.0,0.0,-0.0036166581488858984,-0.0036232140687561224,0.040268209446794746,0.044815809947164345
2021-09-07 00:00:00-04:00,114.02805782825249,114.02805782825249,113.70589263306763,113.90089416503906,14271400,0.0,0.0,0.0,-0.004740961101266095,-0.004752235104535548,0.04634707852368187,0.04541905280802385
2021-09-08 00:00:00-04:00,114.09588602663223,114.35022629662251,113.94327669012468,114.26544189453125,16045000,0.0,0.0,0.0,0.003200569514089757,0.003195458593815949,0.055973872815462546,0.04566388043155468
2021-09-09 00:00:00-04:00,114.41804552138456,115.07083622703456,114.31630165669554,115.0114974975586,18014200,0.0,0.0,0.0,0.0065291446885225035,0.006507922149936622,0.07513154364839537,0.0504054277820527
2021-09-10 00:00:00-04:00,114.89275698691395,114.96058188836093,114.52819975867106,114.6808090209961,10776600,0.0,0.0,0.0,-0.002875264506224884,-0.0028794060197515534,0.07786828242144737,0.05188863732687146
2021-09-13 00:00:00-04:00,114.93519959205287,115.11322871721407,114.90975392360409,114.96063232421875,13159800,0.0,0.0,0.0,0.0024400185664144036,0.002437046554639706,0.07336016934606547,0.04710343502890055
2021-09-14 00:00:00-04:00,115.10474281588755,115.52015268651587,115.02843169148431,115.3082046508789,16550300,0.0,0.0,0.0,0.003023403052272,0.0030188417606996916,0.05376819513685036,0.048095296657087006
2021-09-15 00:00:00-04:00,115.26582692927701,115.29973292346705,114.99452723063013,115.17256927490234,14194400,0.0,0.0,0.0,-0.0011762855590998766,-0.0011769779259588305,0.05873741288259783,0.04778089632839413
2021-09-16 00:00:00-04:00,114.83345543656495,115.07932242859032,114.76563050553322,115.0114974975586,16282400,0.0,0.0,0.0,-0.0013985255200766877,-0.001399504369629001,0.041014401915532815,0.04807426053393698
2021-09-17 00:00:00-04:00,114.69778183041453,114.79103947424213,114.53671220587611,114.75713348388672,15769600,0.0,0.0,0.0,-0.0022116398725898767,-0.002214089160013735,0.03825877514157371,0.04837353630190206
2021-09-20 00:00:00-04:00,114.77408569939973,115.15558951413755,114.77408569939973,115.11319732666016,17519900,0.0,0.0,0.0,0.0031027599937691885,0.0030979563677472235,0.040967298015113215,0.04946446609675293
2021-09-21 00:00:00-04:00,115.13018431822597,115.20648251216168,115.01996719168608,115.10475158691406,15834600,0.0,0.0,0.0,-7.336899627696791e-05,-7.337168791343117e-05,0.0329619954533287,0.04945151190358727
2021-09-22 00:00:00-04:00,115.11321618817482,115.47777353667857,114.98605254118601,115.42689514160156,15898200,0.0,0.0,0.0,0.002798699013257133,0.0027947899470084662,0.03833669442624734,0.04927818761312264
2021-09-23 00:00:00-04:00,115.05386275330851,115.05386275330851,114.45192471653988,114.62996673583984,14735500,0.0,0.0,0.0,-0.006904182987717666,-0.006928127132563552,0.06538605296184602,0.05492922972383197
2021-09-24 00:00:00-04:00,114.50279987457104,114.5790980594756,114.26541911956959,114.38410949707031,10797300,0.0,0.0,0.0,-0.0021447902827722576,-0.002147093639518232,0.06528760180831977,0.05557991853202435
2021-09-27 00:00:00-04:00,114.13822230463897,114.41799517092271,114.06191120563274,114.32473754882812,13104100,0.0,0.0,0.0,-0.0005190576602225327,-0.0005191924172829912,0.05668937509176431,0.05185347570114518
2021-09-28 00:00:00-04:00,113.64650627905661,113.64650627905661,113.08696052282748,113.10391998291016,19987200,0.0,0.0,0.0,-0.010678507487467903,-0.010735931919235928,0.08456625662188032,0.06345863826208337
2021-09-29 00:00:00-04:00,113.41764106814239,113.6635080539009,112.96831223075755,113.07852935791016,14956300,0.0,0.0,0.0,-0.00022448934576124735,-0.0002245145472661443,0.07222709667761432,0.06320686057882709
2021-09-30 00:00:00-04:00,113.01918010589186,113.07853177140467,112.73093385241403,112.78179931640625,21397100,0.0,0.0,0.0,-0.0026241059482186024,-0.0026275549492496926,0.06800472177702607,0.06316574771839445
2021-10-01 00:00:00-04:00,113.16828871804381,113.77138297131536,113.12581510114389,113.60150146484375,21381400,0.255,0.0,0.0,0.007268035741634593,0.007241750852698313,0.10191632453681367,0.06890316277833812
2021-10-04 00:00:00-04:00,113.3381770051445,113.54204260178388,113.18528752851167,113.41463470458984,12931100,0.0,0.0,0.0,-0.0016449321342089096,-0.0016462865205248082,0.10164717567634629,0.06808655903021063
2021-10-05 00:00:00-04:00,113.31263975798024,113.40607649039565,112.94739532470703,112.94739532470703,14635200,0.0,0.0,0.0,-0.004119745049656287,-0.004128254578728242,0.07058215708388446,0.06760038713667552
2021-10-06 00:00:00-04:00,112.97288711191527,113.08331588597522,112.78601363017859,112.98137664794922,13855500,0.0,0.0,0.0,0.00030085973336957395,0.0003008144841555425,0.07070148760570093,0.06631676281236883
2021-10-07 00:00:00-04:00,112.73507620907004,112.82002343328276,112.44627638454952,112.4802474975586,15805500,0.0,0.0,0.0,-0.004435502250535905,-0.004445368275302169,0.07566743254321717,0.062063100804190474
2021-10-08 00:00:00-04:00,112.36131812312989,112.38679969566532,111.87715528383124,111.96208953857422,9079400,0.0,0.0,0.0,-0.004606657351066246,-0.004617300696450488,0.03421215703381277,0.06301516724236536
2021-10-11 00:00:00-04:00,111.76672500636379,111.9875696191037,111.73274093601904,111.7497329711914,4337000,0.0,0.0,0.0,-0.001896682781269865,-0.0018984837616755654,0.033672192652106574,0.061564053697865
2021-10-12 00:00:00-04:00,112.19994619476628,112.50573808083921,111.9875910783581,112.46326446533203,19870400,0.0,0.0,0.0,0.006385084556081777,0.006364786262084365,0.07175855734318708,0.06578530779061102
2021-10-13 00:00:00-04:00,112.64163245943354,113.06634263189787,112.59915884996192,113.0323715209961,18260300,0.0,0.0,0.0,0.0050603817910648274,0.00504762109036911,0.08355550375777691,0.06948641821742618
2021-10-14 00:00:00-04:00,113.23623905241183,113.56751251220703,113.15979432195007,113.56751251220703,15870000,0.0,0.0,0.0,0.004734404702033013,0.004723232656205538,0.07731512949442794,0.07228961757199992
2021-10-15 00:00:00-04:00,113.15128524317517,113.21073792511373,112.9729012751088,113.15977478027344,13131700,0.0,0.0,0.0,-0.003590267347713283,-0.0035967278253906543,0.07205482233317495,0.07285520932745666
2021-10-18 00:00:00-04:00,112.9729313255911,113.21925757821641,112.72660507296581,113.06636810302734,11530300,0.0,0.0,0.0,-0.0008254406429092365,-0.0008257815066248044,0.06859349955858415,0.07146354343533741
2021-10-19 00:00:00-04:00,112.78602146561589,112.82849507098379,112.44625854492188,112.44625854492188,12213200,0.0,0.0,0.0,-0.0054844740174232465,-0.005499568962234469,0.07599507488145354,0.07320641346272497
2021-10-20 00:00:00-04:00,112.38680118732107,112.55668266018718,112.1489645330834,112.17444610595703,13810200,0.0,0.0,0.0,-0.002417265300616922,-0.002420191603101173,0.06169042883032716,0.07179545753937859
2021-10-21 00:00:00-04:00,112.12350379223406,112.17446694745006,111.83470393859145,111.93663024902344,13131000,0.0,0.0,0.0,-0.002120053766157759,-0.0021223042614867795,0.027837409510537155,0.06889699472997686
2021-10-22 00:00:00-04:00,112.19997486263011,112.49727728601549,112.10653806909166,112.38684844970703,13735100,0.0,0.0,0.0,0.004022081062133198,0.004014014117467102,0.054967532978815625,0.07118999720462066
2021-10-25 00:00:00-04:00,112.37831434438655,112.66711415129559,112.3443302723232,112.4377670288086,8206800,0.0,0.0,0.0,0.00045306528124910983,0.00045296267816400044,0.05648659894522957,0.07133718347003112
2021-10-26 00:00:00-04:00,112.7350701502275,112.93893570070543,112.46324941625693,112.92194366455078,10100600,0.0,0.0,0.0,0.004306174415738218,0.00429692937768421,0.051231289269986525,0.0632490530509073
2021-10-27 00:00:00-04:00,113.42308134802173,113.87327302935245,113.17675518622951,113.60995483398438,15928300,0.0,0.0,0.0,0.0060928031089990675,0.006074317034144812,0.05265526591361033,0.06691708399112081
2021-10-28 00:00:00-04:00,113.57598908812481,113.72038897752465,113.2192211718139,113.44007873535156,18514400,0.0,0.0,0.0,-0.0014952571619366584,-0.0014963761745403308,0.04923962411287175,0.06639354231024058
2021-10-29 00:00:00-04:00,112.98141707639712,113.5845113398312,112.93045391970969,113.38064575195312,17367800,0.0,0.0,0.0,-0.0005239152163944993,-0.0005240525079263268,0.05191292784899008,0.06109608244567254
2021-11-01 00:00:00-04:00,112.86317818304317,113.25468575768785,112.86317818304317,113.1780776977539,11894200,0.262,0.0,0.0,-0.0017866193375047912,-0.001788217245352371,0.057605906302776275,0.06114595124521704
2021-11-02 00:00:00-04:00,113.178072140109,113.68022567596361,113.178072140109,113.61213684082031,18047600,0.0,0.0,0.0,0.0038351874488058435,0.003827851866994275,0.05614558868481766,0.060723814999354545
2021-11-03 00:00:00-04:00,113.73127925250137,113.82489976942652,113.11849277564882,113.32274627685547,11847700,0.0,0.0,0.0,-0.0025471800109727605,-0.002550429593330638,0.04018417045411487,0.06155931600835078
2021-11-04 00:00:00-04:00,113.45042308894708,114.07171582898005,113.45042308894708,113.91852569580078,20135500,0.0,0.0,0.0,0.00525736834412549,0.005243596630731203,0.055399775434397704,0.06158148607187395
2021-11-05 00:00:00-04:00,114.3355547547404,114.89727789680178,114.23342799677187,114.75259399414062,15840400,0.0,0.0,0.0,0.007321621248567389,0.007294948293437178,0.06939890760174013,0.06264271110896585
2021-11-08 00:00:00-05:00,114.63343053152916,114.65045598505888,114.33554353453081,114.4887466430664,8494200,0.0,0.0,0.0,-0.002299271344469056,-0.0023019187276401448,0.07142075062951976,0.06292565876808784
2021-11-09 00:00:00-05:00,115.07600467887117,115.1611059757001,114.7781176734291,114.7951431274414,18075300,0.0,0.0,0.0,0.002676214853938763,0.002672640167299204,0.0703307580097613,0.06020547912449196
2021-11-10 00:00:00-05:00,114.61640309200496,114.63342854523968,113.40785564465469,113.6206283569336,23397300,0.0,0.0,0.0,-0.010231397762219818,-0.010284098287163626,0.11137404590087564,0.07026815532545092
2021-11-11 00:00:00-05:00,113.65471321558898,113.7738654642098,113.2376868387267,113.29725646972656,6168900,0.0,0.0,0.0,-0.002846066703584671,-0.0028501244523364924,0.10441335994815534,0.06901970440015992
2021-11-12 00:00:00-05:00,113.45043305170117,113.55255981612237,113.01636832967496,113.1780776977539,11897100,0.0,0.0,0.0,-0.0010519122500066702,-0.001052465897990979,0.07467391366855662,0.0679012223763277
2021-11-15 00:00:00-05:00,113.06744568860792,113.10998984974393,112.30997521040892,112.3184814453125,12353400,0.0,0.0,0.0,-0.007595077332352207,-0.007624066810361007,0.08178390139612543,0.07307016932044108
2021-11-16 00:00:00-05:00,112.25036251694989,112.64186999007735,112.07162773894036,112.13121032714844,18709500,0.0,0.0,0.0,-0.0016673223832289752,-0.001668713912160442,0.06395192717281814,0.07071126597462099
2021-11-17 00:00:00-05:00,112.00355513557417,112.6163415541194,111.90993462755712,112.58229064941406,14541100,0.0,0.0,0.0,0.004022790095189244,0.004014720309909542,0.06600604041873998,0.07163844980275445
2021-11-18 00:00:00-05:00,112.50572912036209,112.93127464968542,112.50572912036209,112.83765411376953,14086100,0.0,0.0,0.0,0.002268238307130188,0.002265669737972578,0.07084285539392374,0.0714539677187206
2021-11-19 00:00:00-05:00,113.10998809093536,113.37383720826128,113.10148185616406,113.26319122314453,17682900,0.0,0.0,0.0,0.003771233217467973,0.0037641399454730446,0.07772316666094364,0.0712911716160253
2021-11-22 00:00:00-05:00,112.81208551227913,112.99080730361602,112.23333702870633,112.27589416503906,13745400,0.0,0.0,0.0,-0.008716839490778172,-0.008755053367685908,0.08485532380099212,0.0782850127977257
2021-11-23 00:00:00-05:00,112.01211324205438,112.08870833319051,111.47592163085938,111.47592163085938,10986900,0.0,0.0,0.0,-0.007125060460474009,-0.007150564923189001,0.09901509657682739,0.08031771938567625
2021-11-24 00:00:00-05:00,111.458911382659,112.02914093909283,111.33123990826194,112.01211547851562,14019900,0.0,0.0,0.0,0.0048099521386493205,0.004798421279332694,0.10172932787989056,0.07901158619967834
2021-11-26 00:00:00-05:00,112.3610193923216,112.97380585273527,112.1822845969443,112.9227294921875,14399300,0.0,0.0,0.0,0.008129602853956808,0.008096735644092941,0.12038673166094797,0.08488846195513837
2021-11-29 00:00:00-05:00,112.46312966292952,113.08442226576602,112.38653461325393,112.99932098388672,21231700,0.0,0.0,0.0,0.000678264615491031,0.0006780346980041072,0.11650380047224726,0.08493766752287311
2021-11-30 00:00:00-05:00,113.39083104280384,113.8163764705568,112.99933652177597,113.24614715576172,28873400,0.0,0.0,0.0,0.0021843155315084406,0.0021819333826170293,0.09055621358596597,0.08509525946629799
2021-12-01 00:00:00-05:00,113.20267518931152,113.36467552046726,112.84457535674954,113.2623519897461,18070800,0.239,0.0,0.0,0.0001430939099595907,0.00014308367300260944,0.05242661031277472,0.08391444857552226
2021-12-02 00:00:00-05:00,113.28793150819956,113.5948760855095,113.0577328327059,113.52666473388672,17305900,0.0,0.0,0.0,0.0023336328400151984,0.0023309141476974735,0.05051594907274663,0.0838465943506409
2021-12-03 00:00:00-05:00,113.5011171339531,114.72889576804445,113.458496411649,114.47310638427734,25739900,0.0,0.0,0.0,0.008336734392833112,0.008302175760576734,0.05192196663634338,0.08701004344566772
2021-12-06 00:00:00-05:00,114.43047452892115,114.45605216381054,113.83362835486946,113.89331817626953,25332000,0.0,0.0,0.0,-0.005064842095413247,-0.0050777118821551115,0.07646382651534896,0.08475103574242633
2021-12-07 00:00:00-05:00,113.94447326660156,114.31110771608412,113.80805054074818,113.94447326660156,17338200,0.0,0.0,0.0,0.0004491491788205515,0.0004490483415209976,0.07660143091688783,0.08447894414319311
2021-12-08 00:00:00-05:00,113.6545757501607,113.70573101581641,113.00657435855872,113.18563079833984,17408000,0.0,0.0,0.0,-0.006659756691193008,-0.0066820318238439294,0.09560371366766501,0.08669768212821735
2021-12-09 00:00:00-05:00,113.34763963819,113.53521763297161,113.04921655285915,113.09185028076172,12348300,0.0,0.0,0.0,-0.0008285549757213184,-0.0008288984171150361,0.09309146898201551,0.07906355424057376
2021-12-10 00:00:00-05:00,113.64603777677402,113.68014995950799,113.16857129838485,113.2197265625,12792300,0.0,0.0,0.0,0.001130729415256937,0.0011300906222410291,0.05504199087064131,0.07857124316009023
2021-12-13 00:00:00-05:00,113.6715930501883,113.99558062543831,113.63748087806826,113.73126983642578,10264200,0.0,0.0,0.0,0.004518146169902648,0.004507969987635974,0.06474883276052698,0.08007668416643064
2021-12-14 00:00:00-05:00,113.42436062894642,113.5437272485437,113.06626077015454,113.2197265625,17725400,0.0,0.0,0.0,-0.004497824342078571,-0.004507969987635955,0.07051628388312842,0.0767340791667074
2021-12-15 00:00:00-05:00,112.86164312376133,113.42437713087085,112.81902240412174,113.36470031738281,20585100,0.0,0.0,0.0,0.001280463743239757,0.0012796446486802462,0.05249088654205049,0.07638789579997729
2021-12-16 00:00:00-05:00,113.42959476945485,113.70296652305551,113.20748999596631,113.36125183105469,9750200,0.256,0.0,0.0,-3.0419401440440197e-05,-3.041986411981517e-05,0.051689795292740114,0.07529678354105653
2021-12-17 00:00:00-05:00,113.4894105193109,113.73714228886855,113.4894105193109,113.62608337402344,8753100,0.0,0.0,0.0,0.002336173416322529,0.0023334488058236176,0.05332798803920849,0.07532005459611645
2021-12-20 00:00:00-05:00,113.42104543468756,113.54064230614324,113.0622548203205,113.13058471679688,12931400,0.0,0.0,0.0,-0.00436078268750606,-0.004370318633219121,0.05069007194977037,0.0759622541496132
2021-12-21 00:00:00-05:00,112.31903795242695,113.36124488780077,112.31903795242695,113.35270690917969,12933300,0.0,0.0,0.0,0.001963414163719257,0.0019614891854047344,0.04324672172024288,0.06893098989518286
2021-12-22 00:00:00-05:00,113.5064698915867,113.54064787658305,113.24164916573393,113.53209686279297,7850800,0.0,0.0,0.0,0.001582582000066557,0.0015813310368337707,0.04375581500142993,0.06283917466650767
2021-12-23 00:00:00-05:00,113.42105679031083,113.46377275619626,113.12205806419543,113.36125183105469,8401200,0.0,0.0,0.0,-0.001504817020553717,-0.0015059503948430363,0.04566378289657163,0.06164326696743783
2021-12-27 00:00:00-05:00,113.39544176769377,113.78839741105205,113.34417478217901,113.69442749023438,8744200,0.0,0.0,0.0,0.0029390612206385835,0.002934750624215053,0.04775681269706479,0.05570869681539852
2021-12-28 00:00:00-05:00,113.92508929777865,113.96780527041362,113.40398571583546,113.54920959472656,6864300,0.0,0.0,0.0,-0.0012772648467779257,-0.0012780812447673452,0.03189859417978694,0.055985977470067755
2021-12-29 00:00:00-05:00,113.0879033791873,113.1989492584715,112.76327765108613,112.92559051513672,7263000,0.0,0.0,0.0,-0.00549206006642966,-0.005507196875264602,0.051674510678360236,0.059014890068530196
2021-12-30 00:00:00-05:00,113.08790918043728,113.40398390974966,112.84871537959259,113.37835693359375,5566900,0.0,0.0,0.0,0.004009422633006743,0.004001406318133944,0.06066714813740869,0.060824712023555216
2021-12-31 00:00:00-05:00,113.38688546120251,113.64316823648039,113.14769168029875,113.2074966430664,8514500,0.0,0.0,0.0,-0.0015069921204398096,-0.0015081287751620082,0.06066995016446813,0.0604456845985254
2022-01-03 00:00:00-05:00,112.5753252672863,112.58386324625401,112.00296783447266,112.00296783447266,18199400,0.0,0.0,0.0,-0.010640009224755942,-0.010697018872298378,0.08655147444257887,0.06266731560519885
2022-01-04 00:00:00-05:00,111.8577453221277,112.11402808013668,111.64417852963396,112.09693908691406,18748000,0.0,0.0,0.0,0.0008390068072150481,0.0008386550377480058,0.09039514557938899,0.06117793348879758
2022-01-05 00:00:00-05:00,112.3190420775346,112.3190420775346,111.41352097733245,111.43914794921875,16107500,0.0,0.0,0.0,-0.005868056193624516,-0.0058853408869075086,0.09119980349708692,0.06354791900083802
2022-01-06 00:00:00-05:00,111.20852099007647,111.46480381044493,111.05475911890682,111.29395294189453,19336300,0.0,0.0,0.0,-0.001302908448208684,-0.0013037579714016945,0.07275566884698781,0.06008625459468037
2022-01-07 00:00:00-05:00,111.14868486373554,111.22556576875569,110.60195448068028,110.81552124023438,17750800,0.0,0.0,0.0,-0.004298811292199667,-0.00430807774749306,0.07011608521838326,0.061330687747205494
2022-01-10 00:00:00-05:00,110.54215647826126,110.7813502211877,110.22608182548306,110.71302032470703,14253400,0.0,0.0,0.0,-0.0009249689427993646,-0.0009253969905462067,0.043083949498630175,0.060811325419168116
2022-01-11 00:00:00-05:00,110.72157028261424,111.11453892284317,110.61051137742466,111.04619598388672,17231000,0.0,0.0,0.0,0.0030093629295138147,0.003004843860967936,0.05436073712944576,0.05917241493195198
2022-01-12 00:00:00-05:00,111.25125493720913,111.37940288563689,110.96080711024672,110.96934509277344,12733100,0.0,0.0,0.0,-0.0006920623478577914,-0.0006923019335496542,0.04126176887537226,0.05787625711657653
2022-01-13 00:00:00-05:00,111.14866826785173,111.32807005452568,110.78987772958243,111.31951904296875,13468500,0.0,0.0,0.0,0.0031555917528625077,0.003150623322688033,0.04945100910588107,0.059221996065924584
2022-01-14 00:00:00-05:00,110.80699246137668,110.82406841830063,110.28588900340088,110.33714294433594,14308300,0.0,0.0,0.0,-0.008824832402066218,-0.008864001848331127,0.07718660899573133,0.06540748246163051
2022-01-18 00:00:00-05:00,109.70497361446502,109.76477856514049,109.23513064484388,109.28638458251953,15266600,0.0,0.0,0.0,-0.009523160866567904,-0.009568796122034668,0.09878855278027028,0.0699489566519574
2022-01-19 00:00:00-05:00,109.57685701802245,109.935647676582,109.43163315873046,109.45726013183594,16057900,0.0,0.0,0.0,0.0015635575279497882,0.0015623364445352544,0.09405964397210496,0.07038478955004512
2022-01-20 00:00:00-05:00,109.59393111026228,109.77333295402822,109.28640092069254,109.39745330810547,22915800,0.0,0.0,0.0,-0.0005463943064026866,-0.0005465436341687595,0.09427700418263014,0.06923515799015531
2022-01-21 00:00:00-05:00,109.92711903451419,110.29446078225888,109.87586507787205,110.11505889892578,21504700,0.0,0.0,0.0,0.006559618794774513,0.006538198118693815,0.10973417016055748,0.07448222025281745
2022-01-24 00:00:00-05:00,110.14921032664174,110.200464270922,109.69644977205617,109.77333068847656,22567100,0.0,0.0,0.0,-0.003103373996856229,-0.0031081994479775802,0.09424745584921906,0.07469478252263093
2022-01-25 00:00:00-05:00,109.75626808999117,110.02108888917932,109.42310433696645,109.4658203125,17247300,0.0,0.0,0.0,-0.0028013213596409514,-0.002805252403448634,0.06284531729463595,0.07282792231782906
2022-01-26 00:00:00-05:00,109.75625015251002,109.87584704340685,108.62007968899006,108.72258758544922,23220800,0.0,0.0,0.0,-0.006789632827206016,-0.006812787250373498,0.0785656488624067,0.07482084434497875
2022-01-27 00:00:00-05:00,109.09847067680556,109.39746291343201,108.76530696777297,108.97032928466797,22292800,0.0,0.0,0.0,0.002278658967935554,0.0022760667616786587,0.08280062724511054,0.07531227582660864
2022-01-28 00:00:00-05:00,108.37233871639965,109.13263601143608,108.36379421939318,109.08992004394531,21294200,0.0,0.0,0.0,0.0010974616674317428,0.001096859896616028,0.05757018690284963,0.07302279917589245
2022-01-31 00:00:00-05:00,108.95323449817597,109.24368220450188,108.7140407358979,109.14117431640625,20325100,0.0,0.0,0.0,0.0004698350905407711,0.0004697247525936928,0.05830666309591002,0.07350519480875979
2022-02-01 00:00:00-05:00,109.20281669050392,109.39967392967888,108.74064262096717,109.32264709472656,17587300,0.242,0.0,0.0,0.0016627343388684324,0.0016613535265317687,0.058946116855018105,0.06656425551115984
2022-02-02 00:00:00-05:00,109.50240419498397,109.81052465451899,109.21995935209142,109.33122253417969,22644800,0.0,0.0,0.0,7.844156431469074e-05,7.843848793606092e-05,0.014076232369914747,0.06630921285288294
2022-02-03 00:00:00-05:00,108.5437560863714,108.63790432362171,108.23563576989943,108.4496078491211,23396800,0.0,0.0,0.0,-0.008063704627312429,-0.008096392133659225,0.06384280838753471,0.06875466045065888
2022-02-04 00:00:00-05:00,107.56804248614074,107.67075143355835,107.08018641324881,107.37118530273438,26115800,0.0,0.0,0.0,-0.00994399673521229,-0.00999376849913338,0.08585118987635203,0.07521487884421443
2022-02-07 00:00:00-05:00,107.26850217383321,107.6793249775571,107.15723249497866,107.56806182861328,12756600,0.0,0.0,0.0,0.001833606710439195,0.0018319277057644318,0.08993210877084701,0.07564182223076171
2022-02-08 00:00:00-05:00,107.44823148487994,107.56805533956359,107.16578674316406,107.16578674316406,22126100,0.0,0.0,0.0,-0.003739726073062055,-0.0037467363317018544,0.08038669898820586,0.07602912625195819
2022-02-09 00:00:00-05:00,107.60229427941401,107.91041463607718,107.49958531722278,107.52526092529297,19616400,0.0,0.0,0.0,0.003354374498182322,0.0033487611334276895,0.09312765003530006,0.07631682870689592
2022-02-10 00:00:00-05:00,106.95180832984337,107.14866552515555,106.0445687608019,106.06168365478516,39583900,0.0,0.0,0.0,-0.013611473786840467,-0.013704959181447384,0.11638542116090957,0.0872732782597974
2022-02-11 00:00:00-05:00,106.29277600342134,106.95180715807051,105.87338601146197,106.8490982055664,21553500,0.0,0.0,0.0,0.007424118905599908,0.007396695779562252,0.12908655510869868,0.09196556712960698
2022-02-14 00:00:00-05:00,106.2585652533235,106.38694984236741,105.83918169036406,105.89909362792969,22793600,0.0,0.0,0.0,-0.008891086528489134,-0.00893084809613214,0.13675425102097752,0.09203075789639792
2022-02-15 00:00:00-05:00,105.7792768815863,106.00180976266944,105.36845397949219,105.36845397949219,15673700,0.0,0.0,0.0,-0.0050108044390055895,-0.005023400615169681,0.13742914203571677,0.08848648547731151
2022-02-16 00:00:00-05:00,105.67655928316735,105.6936741808395,104.94905532874124,105.52249908447266,27148800,0.0,0.0,0.0,0.001461966073929899,0.0014608984419637074,0.13217174149569794,0.08843585103550611
2022-02-17 00:00:00-05:00,105.65086030495694,105.93329849850439,105.35129415770281,105.59950256347656,24384600,0.0,0.0,0.0,0.0007297351718542622,0.0007294690446041479,0.09985585959306423,0.08879374892740456
2022-02-18 00:00:00-05:00,105.92475010492932,106.24998534583172,105.4968059053634,105.85627746582031,19233800,0.0,0.0,0.0,0.002431591968810709,0.002428640432712034,0.07757568565689961,0.08478857260834394
2022-02-22 00:00:00-05:00,105.48825045724175,105.7278981761723,105.37698731056987,105.7193374633789,18011000,0.0,0.0,0.0,-0.0012936408281088996,-0.0012944783037446741,0.04682233860996755,0.08470725260461391
2022-02-23 00:00:00-05:00,105.47115417496089,105.57385662696413,104.7350894626828,104.7607650756836,16579900,0.0,0.0,0.0,-0.009067143350452445,-0.009108500076105893,0.0735579767094343,0.08846149707365335
2022-02-24 00:00:00-05:00,104.82062867444648,105.34272099772178,104.60665662490442,105.25713348388672,29245000,0.0,0.0,0.0,0.0047381136234021515,0.004726924093968751,0.08383852973608336,0.08994493153644381
2022-02-25 00:00:00-05:00,105.54816670885214,106.19864377966341,105.29139755382086,105.68511199951172,19073700,0.0,0.0,0.0,0.0040660286049925,0.004057784649900167,0.09001995054641046,0.09118324698354227
2022-02-28 00:00:00-05:00,106.07881578721972,106.98605544784606,106.07881578721972,106.81488037109375,23474500,0.0,0.0,0.0,0.010689948188608245,0.010633214653365839,0.11785163439736202,0.10068861335536337
2022-03-01 00:00:00-05:00,107.06873080340631,107.92637846396548,107.03443065511644,107.18022918701172,28504600,0.256,0.0,0.0,0.0034203925019500314,0.003414556263879936,0.11469804653933474,0.10181156772797598
2022-03-02 00:00:00-05:00,106.45983253344055,106.60563765082908,105.52499945391509,105.55072784423828,24849900,0.0,0.0,0.0,-0.015203376174259042,-0.015320132401948433,0.1555796529351536,0.11317833071677225
2022-03-03 00:00:00-05:00,105.94521618729632,106.22824149028978,105.69649757648381,105.93663787841797,14144600,0.0,0.0,0.0,0.0036561570162658708,0.0036494895208668953,0.1543643198813461,0.11463955168577644
2022-03-04 00:00:00-05:00,106.63136041839365,106.73427397425971,105.97954621012829,106.03958129882812,17402800,0.0,0.0,0.0,0.0009717452098896295,0.0009712733711597681,0.15245509094197912,0.11229391317213162
2022-03-07 00:00:00-05:00,105.39630265320751,105.7393629680636,104.63299688790161,104.75306701660156,16164900,0.0,0.0,0.0,-0.012132396850955685,-0.01220659512360355,0.14417584140897785,0.11482033455268868
2022-03-08 00:00:00-05:00,104.04983770931152,104.48723994834603,103.612435470277,104.12702941894531,20045200,0.0,0.0,0.0,-0.005976317596095182,-0.005994247253341239,0.12891852733842948,0.11542095599868987
2022-03-09 00:00:00-05:00,104.25562746008171,104.63299445197117,104.13555733417708,104.30709075927734,27652200,0.0,0.0,0.0,0.001729246876020829,0.0017277534500619606,0.10427559172373271,0.11570787828817806
2022-03-10 00:00:00-05:00,103.67244835777058,103.71533335875402,102.73761553498997,103.11498260498047,34185900,0.0,0.0,0.0,-0.011428831401769757,-0.011494642404438515,0.10452615255459269,0.1196106900090569
2022-03-11 00:00:00-05:00,103.17502549186787,103.27793903268793,102.97776363307449,103.07210540771484,20701300,0.0,0.0,0.0,-0.0004158192745847833,-0.00041590575139265464,0.09957146427630684,0.11161984559520997
2022-03-14 00:00:00-04:00,102.1544028817765,102.54891997991834,101.5454738905142,101.57978057861328,18624900,0.0,0.0,0.0,-0.014478454895225812,-0.014584290523033446,0.11004374423954368,0.11564521311384296
2022-03-15 00:00:00-04:00,102.06865718541212,102.46317435217007,101.90570202443257,102.37741088867188,24022000,0.0,0.0,0.0,0.00785225470576112,0.007821586193808521,0.14828198567674275,0.11860702488059022
2022-03-16 00:00:00-04:00,102.83198215400043,103.30368456215291,101.77707238219149,103.25222778320312,32561800,0.0,0.0,0.0,0.008545018739363863,0.008508716721094349,0.1693795054988517,0.12320379780751226
2022-03-17 00:00:00-04:00,103.78394061673785,104.53008986047881,103.62956378297558,104.26422119140625,23878300,0.0,0.0,0.0,0.009801177465419864,0.009753457480243512,0.16169026108216195,0.12882834423272543
2022-03-18 00:00:00-04:00,103.90401059910327,104.62443145998748,103.90401059910327,104.47005462646484,21675100,0.0,0.0,0.0,0.0019741521368172865,0.001972206059302114,0.16007993425217396,0.12907013528777272
2022-03-21 00:00:00-04:00,103.68103867664355,103.91260723944626,102.88342598661919,103.0206527709961,17919300,0.0,0.0,0.0,-0.013873849885990053,-0.013970991271191387,0.15598843615714378,0.13688845533858365
2022-03-22 00:00:00-04:00,102.69474280694853,102.90915475082501,102.56609433195598,102.77193450927734,16780900,0.0,0.0,0.0,-0.002414256316853547,-0.002417175332750093,0.15227084350702974,0.13694323799281422
2022-03-23 00:00:00-04:00,102.96060880279954,103.20074911140094,102.61754841479785,103.06352233886719,16949300,0.0,0.0,0.0,0.0028372320807439344,0.00283321473477194,0.13879102667217483,0.13457622135292455
2022-03-24 00:00:00-04:00,102.40312873846547,103.26077637188087,101.92284161428697,103.10639953613281,20466500,0.0,0.0,0.0,0.0004160268957686952,0.00041594038057396064,0.10823946492813245,0.13309112135771264
2022-03-25 00:00:00-04:00,102.72902808300053,102.75475646396774,101.92283724825825,102.2916259765625,23247400,0.0,0.0,0.0,-0.007902259832909597,-0.007933648156623329,0.10687580314716176,0.1338293950292152
2022-03-28 00:00:00-04:00,102.47175005621267,103.02064406064507,102.34310159256981,102.8576889038086,18691100,0.0,0.0,0.0,0.005533814931984793,0.0055185596322604,0.08197019195036596,0.1287043695318563
2022-03-29 00:00:00-04:00,103.38943302002177,103.78395017746172,103.16644278552694,103.72391510009766,23812400,0.0,0.0,0.0,0.008421598866557689,0.008386335049644863,0.09878397880278345,0.13258861900689015
2022-03-30 00:00:00-04:00,103.33797220614896,104.0755497706391,103.28651543668826,103.96405792236328,17696700,0.0,0.0,0.0,0.002315211704396969,0.0023125357312791758,0.09852825015295698,0.12299260281333135
2022-03-31 00:00:00-04:00,104.00693386862385,104.25565248722717,103.5352315588584,103.72391510009766,19905200,0.0,0.0,0.0,-0.0023098638805052474,-0.002312535731279164,0.10267835309208592,0.12199085220209464
2022-04-01 00:00:00-04:00,103.18674836297615,104.33842798141161,103.09220725410614,104.07199096679688,16506800,0.255,0.0,0.0,0.00335579182836776,0.0033501737242534317,0.06326486605487967,0.12279969785263904
2022-04-04 00:00:00-04:00,104.14076359721419,104.46736258429668,103.80557473153634,104.4329833984375,19647900,0.0,0.0,0.0,0.003468679980916267,0.003462677985840198,0.06065169909411053,0.11619481426436017
2022-04-05 00:00:00-04:00,104.11496903038463,104.1579446471208,102.58513149765922,102.6023178100586,22750400,0.0,0.0,0.0,-0.017529572830400353,-0.017685035264648555,0.14162555335179985,0.13029014567436342
2022-04-06 00:00:00-04:00,101.51082520567687,102.48201268414475,101.24439469325641,102.00071716308594,25447400,0.0,0.0,0.0,-0.005863421605020291,-0.005880678952613944,0.13725150632198138,0.13119297477898567
2022-04-07 00:00:00-04:00,101.87177750852898,101.94913230667785,101.33891658483907,101.52799224853516,21292700,0.0,0.0,0.0,-0.004634525400394551,-0.004645298110390006,0.1366784278528733,0.12620996996837833
2022-04-08 00:00:00-04:00,100.77165145084138,101.03808186384965,100.42786625386334,100.72867584228516,16072800,0.0,0.0,0.0,-0.007872867261014216,-0.007904021905789689,0.11953280867185495,0.12870309522682183
2022-04-11 00:00:00-04:00,100.1270657739806,100.20441400782946,99.50825367455838,99.7489013671875,20685500,0.0,0.0,0.0,-0.009726867417891305,-0.00977448240748255,0.08069856466578271,0.12314614266972465
2022-04-12 00:00:00-04:00,100.41927668869327,100.70289998738478,99.80906103697251,99.81765747070312,25029100,0.0,0.0,0.0,0.0006892918375362989,0.0006890543850274372,0.06284164283552644,0.11896302820398233
2022-04-13 00:00:00-04:00,99.82626532939874,100.39350543454384,99.7832897129848,100.33334350585938,21276200,0.0,0.0,0.0,0.005166280678422064,0.005152981236498211,0.09772371810581737,0.11584123555439942
2022-04-14 00:00:00-04:00,100.27319390284025,100.29897665299447,99.06994862408875,99.16448974609375,19717700,0.0,0.0,0.0,-0.011649704065701427,-0.011718093531671758,0.11502737227851031,0.11330987929230249
2022-04-18 00:00:00-04:00,98.95821115334506,99.12151063064226,98.31361623621427,98.40815734863281,16576000,0.0,0.0,0.0,-0.007627048748977461,-0.007656283429709847,0.11460981975307508,0.11342946352620895
2022-04-19 00:00:00-04:00,97.91825734555371,98.1245258659085,97.56587567267118,97.62603759765625,19775400,0.0,0.0,0.0,-0.00794771258855842,-0.007979464002224726,0.11023736369526117,0.10767127989739249
2022-04-20 00:00:00-04:00,98.26204750324612,98.91523227659434,98.24485463401369,98.64020538330078,21119400,0.0,0.0,0.0,0.010388292002838417,0.010334704499715124,0.15152120057666071,0.11723065158420569
2022-04-21 00:00:00-04:00,98.40817447776442,98.47693285461133,97.30806667685287,97.59169006347656,25288700,0.0,0.0,0.0,-0.010629695221637592,-0.010686594002227282,0.14354932581835467,0.11954798074009475
2022-04-22 00:00:00-04:00,97.21350423695726,97.72917883594405,96.95566365888473,97.47993469238281,19927300,0.0,0.0,0.0,-0.001145132039634289,-0.0011457882043063455,0.13423566129135106,0.11913654186158792
2022-04-25 00:00:00-04:00,98.00420835218735,98.71756162110056,97.99561191744569,98.56285858154297,22261500,0.0,0.0,0.0,0.011109197934708659,0.01104794403230891,0.16035780942066305,0.12712945609873516
2022-04-26 00:00:00-04:00,99.04414474980855,99.06992749446384,98.39096002801516,98.51128387451172,22695300,0.0,0.0,0.0,-0.000523267159389218,-0.0005234041114263518,0.1439645172623622,0.12426547716519332
2022-04-27 00:00:00-04:00,98.32220869050539,98.67458382121505,97.52291076333672,97.56587982177734,19426200,0.0,0.0,0.0,-0.00959691129331619,-0.009643258410986,0.1390320111836706,0.12037742350268442
2022-04-28 00:00:00-04:00,97.3510313400482,97.86671258590921,97.13616633999257,97.85811614990234,19645500,0.0,0.0,0.0,0.002995271796439658,0.0029907949073110433,0.11891574906302693,0.12080125675329924
2022-04-29 00:00:00-04:00,97.04162931292642,97.56589386718737,96.58611001634023,96.77519226074219,20257300,0.0,0.0,0.0,-0.011066265443954615,-0.0111279520753279,0.1457500730032265,0.12409710507114549
2022-05-02 00:00:00-04:00,96.21010055009623,96.40821955438432,95.87415391501368,96.20148468017578,17184100,0.254,0.0,0.0,-0.005928250486143871,-0.005945892321089008,0.09478398780167745,0.1217147785529099
2022-05-03 00:00:00-04:00,97.14903948764996,97.63142311525822,96.72695381349274,96.82170867919922,20914600,0.0,0.0,0.0,0.006447135416728589,0.006426441535733857,0.12332830524730204,0.12453170551522251
2022-05-04 00:00:00-04:00,96.81309102388357,98.07935459500216,96.2876346226441,97.76924896240234,34240700,0.0,0.0,0.0,0.009786444549771733,0.009738867456529967,0.1381446243140354,0.12216084220785414
2022-05-05 00:00:00-04:00,96.8561629789461,96.89922918911576,95.52098559599334,96.2704086303711,34356900,0.0,0.0,0.0,-0.015330386066560009,-0.015449111401478326,0.17356671863469353,0.1301035068404066
2022-05-06 00:00:00-04:00,95.48652905501437,96.06366753500035,95.32286694056071,95.45207214355469,15550400,0.0,0.0,0.0,-0.00850039486129528,-0.008536729268755275,0.1670926915134824,0.13152083911870535
2022-05-09 00:00:00-04:00,95.1161087885056,95.89137273040807,94.91798979734219,95.78800201416016,17185900,0.0,0.0,0.0,0.0035193565007185512,0.0035131780574817737,0.16906120003492556,0.13219299688974287
2022-05-10 00:00:00-04:00,96.54606479187014,96.7872566177624,96.1067473535753,96.19288635253906,25650800,0.0,0.0,0.0,0.0042268794615745175,0.004217971300243739,0.163702107876309,0.1313216755521331
2022-05-11 00:00:00-04:00,95.78800681128172,96.87337638430114,95.65018575469841,96.64080047607422,25053500,0.0,0.0,0.0,0.0046564162956248545,0.0046456087259751835,0.1448612160374454,0.1330549553484459
2022-05-12 00:00:00-04:00,96.87337047052692,97.23515811545319,96.614953540715,96.6838607788086,22156400,0.0,0.0,0.0,0.0004455706339583365,0.00044547139684041623,0.08716865480502331,0.13091720187860256
2022-05-13 00:00:00-04:00,96.53743925290112,96.61496894459356,95.97752595773115,96.17565155029297,16107900,0.0,0.0,0.0,-0.005256401889848994,-0.005270265372962145,0.06556562722449104,0.12643990872129768
2022-05-16 00:00:00-04:00,96.3479062866777,96.74415080422217,96.25315144857117,96.30484008789062,11980500,0.0,0.0,0.0,0.0013432561725885694,0.0013423548110986056,0.06315747707229219,0.12467046955977859
2022-05-17 00:00:00-04:00,95.76217985570473,95.96030545790738,95.57267012455019,95.75357055664062,16562600,0.0,0.0,0.0,-0.005724214180168885,-0.005740660284872648,0.07097855779737289,0.12328099461035215
2022-05-18 00:00:00-04:00,95.52098090965477,96.14980800953252,95.52098090965477,96.10673522949219,16146400,0.0,0.0,0.0,0.0036882663570509955,0.003681481380772934,0.06638164915248145,0.11726307539878998
2022-05-19 00:00:00-04:00,96.70972168766862,97.01121802571159,96.22733806197427,96.36516571044922,21212500,0.0,0.0,0.0,0.002688994484516982,0.002685385606901807,0.07139518079652094,0.11260745505164643
2022-05-20 00:00:00-04:00,96.6321933331196,96.87338513290965,96.45991535383632,96.83892822265625,13906700,0.0,0.0,0.0,0.004916325403627297,0.004904279740025557,0.06641652726667467,0.11426744976495326
2022-05-23 00:00:00-04:00,96.53741939095106,96.91643875683617,96.28761176997972,96.49434661865234,14892400,0.0,0.0,0.0,-0.0035582963414426683,-0.0035646421358195924,0.07514172402178854,0.10642708181030465
2022-05-24 00:00:00-04:00,96.89921715695009,97.86399083832987,96.83030991483821,97.7606201171875,17210400,0.0,0.0,0.0,0.013122773954203693,0.013037416297941088,0.09486966333188081,0.11772653800217386
2022-05-25 00:00:00-04:00,98.2171895604297,98.78571882459816,98.13105055518791,98.76849365234375,25637000,0.0,0.0,0.0,0.010309606607937782,0.0102568250749931,0.10395502239193603,0.11820752187083834
2022-05-26 00:00:00-04:00,98.91491505559344,99.29392793342195,98.5703525168535,98.79431915283203,34022300,0.0,0.0,0.0,0.00026147508717899726,0.0002614409085261706,0.10937175819952458,0.11788266475562138
2022-05-27 00:00:00-04:00,99.20776363153404,99.62985575549729,98.94934672239508,99.3111343383789,9246100,0.0,0.0,0.0,0.005231223717908184,0.005217588399376889,0.10937754569795158,0.11064222610347386
2022-05-31 00:00:00-04:00,98.42392666088757,98.76848923844125,97.95015229525319,98.5789794921875,20336900,0.0,0.0,0.0,-0.007372333938879039,-0.0073996439009611165,0.1297871833152985,0.11200681735061109
2022-06-01 00:00:00-04:00,99.00552753074554,99.2127585995564,97.64987256478658,98.00389862060547,22403900,0.274,0.0,0.0,-0.005833706887050982,-0.005850789423812946,0.11793097665786484,0.11292120719415535
2022-06-02 00:00:00-04:00,98.14205564187463,98.25430443007778,97.4771796985569,98.04707336425781,14823300,0.0,0.0,0.0,0.00044054108316116114,0.0004404440734283209,0.08150012546883881,0.10761979376434579
2022-06-03 00:00:00-04:00,97.34763286522984,97.74482838449619,97.34763286522984,97.73619842529297,11440900,0.0,0.0,0.0,-0.0031706702535617692,-0.0031757074788952965,0.08058451085993878,0.0919095671813454
2022-06-06 00:00:00-04:00,97.66714811300518,97.73622733359369,96.97636908263414,97.04544830322266,12213900,0.0,0.0,0.0,-0.007067495290379089,-0.007092588335098598,0.051894368612683685,0.09011553409396315
2022-06-07 00:00:00-04:00,97.3044775525926,97.8225584541088,97.23539834232216,97.56351470947266,11291400,0.0,0.0,0.0,0.005338389541272193,0.0053241908495072045,0.07998071303123837,0.09105835129864308
2022-06-08 00:00:00-04:00,97.36492852115751,97.64986875925914,96.99363596897278,97.00226593017578,13730800,0.0,0.0,0.0,-0.005752650270628101,-0.005769260495705298,0.0797413932891059,0.09313896017805139
2022-06-09 00:00:00-04:00,96.76049210714822,97.00226276808368,96.3114903922333,96.36329650878906,24846700,0.0,0.0,0.0,-0.006587159745800819,-0.006608950829506872,0.08154308222823435,0.09491468810535125
2022-06-10 00:00:00-04:00,95.85385323511738,95.96610201820273,94.86086093387878,95.43074798583984,36297900,0.0,0.0,0.0,-0.009677424462789741,-0.009724555049860651,0.09249757141972899,0.1007287463446051
2022-06-13 00:00:00-04:00,93.57429421864781,93.98875634187453,92.47768306760723,93.2289047241211,34771900,0.0,0.0,0.0,-0.023072681585241894,-0.02334302232201817,0.16168372693364677,0.12779202962722377
2022-06-14 00:00:00-04:00,93.6519936159534,93.9628434697887,92.52948611066462,92.74535369873047,27320800,0.0,0.0,0.0,-0.005186707135748647,-0.0052002047936994715,0.11875124032475065,0.12795098441671557
2022-06-15 00:00:00-04:00,93.82468273593392,94.28232092516676,93.03028508053832,94.19596862792969,31581500,0.0,0.0,0.0,0.015640836671034997,0.015519779444337377,0.2208329548962357,0.14116452886309466
2022-06-16 00:00:00-04:00,92.9007668010465,94.53273173556538,92.64172966262308,94.29959106445312,30588300,0.0,0.0,0.0,0.0011000729440209245,0.0010994683071689757,0.22574417815454148,0.14037420998247385
2022-06-17 00:00:00-04:00,94.56725688823185,94.73131834035566,93.91965421438111,94.48954772949219,17319600,0.0,0.0,0.0,0.002014395427327287,0.002012369253412505,0.2232455873657362,0.14016498982803577
2022-06-21 00:00:00-04:00,94.06645126693266,94.48091329833545,93.43611508499045,93.53973388671875,17031500,0.0,0.0,0.0,-0.010052051952800123,-0.010102914965859877,0.1537813364257679,0.14192230465065117
2022-06-22 00:00:00-04:00,94.51547774036608,94.69680575023254,94.17008823158174,94.2219009399414,18943300,0.0,0.0,0.0,0.007292805152180559,0.007266341234923974,0.14911852718365423,0.14521986623625305
2022-06-23 00:00:00-04:00,94.67089432478254,95.68978966240012,94.6277181695907,94.94720458984375,30742100,0.0,0.0,0.0,0.007697824419448551,0.007668347345303412,0.11386097852306709,0.13930387991075052
2022-06-24 00:00:00-04:00,94.87812025812556,95.56026262926675,94.85221720151043,95.0594482421875,18668900,0.0,0.0,0.0,0.001182169109966047,0.0011814708982791186,0.1138392773539424,0.1327207010349909
2022-06-27 00:00:00-04:00,94.53272921248322,94.7313236878651,94.13552708620855,94.18733978271484,20847000,0.0,0.0,0.0,-0.009174348006425914,-0.009216691518817492,0.1368311088529935,0.13491090522201482
2022-06-28 00:00:00-04:00,94.03192374581566,94.2132517313174,93.70380079206923,94.16144561767578,18998400,0.0,0.0,0.0,-0.0002749219279236659,-0.0002749597258847101,0.10913135551057056,0.13219528188292418
2022-06-29 00:00:00-04:00,94.20461350650885,94.73133094501124,94.13553429771208,94.72269439697266,10747100,0.0,0.0,0.0,0.005960494506166647,0.005942801031879914,0.10488375052041096,0.13430076976996747
2022-06-30 00:00:00-04:00,94.78314051043073,95.75886625389921,94.78314051043073,95.00764465332031,16570800,0.0,0.0,0.0,0.00300825750536049,0.0030037417528487806,0.09054052118093295,0.13458455964473834
2022-07-01 00:00:00-04:00,95.81024837757545,96.50289032209939,95.64574286066743,96.2085189819336,20179400,0.297,0.0,0.0,0.01263976528410149,0.012560550258709382,0.12774184979213027,0.143602282916719
2022-07-05 00:00:00-04:00,96.27778023599984,96.36436626046725,95.96608904355865,96.18254089355469,16728000,0.0,0.0,0.0,-0.00027001858727071504,-0.00027005504885313524,0.08539629985614705,0.14336477453307978
2022-07-06 00:00:00-04:00,96.45962244015536,96.60680813850355,95.61112813360639,95.70636749267578,17291300,0.0,0.0,0.0,-0.004950725947299395,-0.004963021388695622,0.10506344662394337,0.1423230925456129
2022-07-07 00:00:00-04:00,96.06998266604565,96.22582825311127,95.5245264141089,95.69768524169922,15165800,0.0,0.0,0.0,-9.07175896862622e-05,-9.072170477567733e-05,0.10410676346258392,0.14058430381030715
2022-07-08 00:00:00-04:00,95.34271522204685,95.59380016586842,95.19552294078153,95.5418472290039,14384500,0.0,0.0,0.0,-0.001628440774734674,-0.0016297681256170024,0.10663978376096761,0.13946470731307042
2022-07-11 00:00:00-04:00,95.94875979580792,96.24313769759912,95.67170173825538,95.81023406982422,9456900,0.0,0.0,0.0,0.0028091024886405247,0.00280516433364148,0.044703725287451875,0.13820576100784218
2022-07-12 00:00:00-04:00,96.19986118494246,96.60679172170805,95.91414315628754,95.94877624511719,18053600,0.0,0.0,0.0,0.001446006020525914,0.0014449615605625782,0.04761393060111749,0.13371097908754165
2022-07-13 00:00:00-04:00,94.99638051871425,96.77994148997378,94.98772059592187,96.66738891601562,25657200,0.0,0.0,0.0,0.0074895449324192676,0.007461637546563554,0.05535243779922435,0.10341977172369
2022-07-14 00:00:00-04:00,95.6197544576219,96.29508305328343,95.31671663675088,96.05265808105469,22978600,0.0,0.0,0.0,-0.006359236986270611,-0.006379543067023811,0.08185152975299173,0.10455283290971507
2022-07-15 00:00:00-04:00,95.98340039754028,97.01371322614116,95.98340039754028,96.82323455810547,15192500,0.0,0.0,0.0,0.008022437821559647,0.007990429145043217,0.0921954209855493,0.0941290872177687
2022-07-18 00:00:00-04:00,96.67605409587502,96.68470741355229,96.07864489684314,96.14791107177734,15665500,0.0,0.0,0.0,-0.006974808158498935,-0.006999245831269423,0.11474891489730854,0.09871485017231725
2022-07-19 00:00:00-04:00,96.28642550125412,96.51153724054392,95.94876119511204,96.41629791259766,15414500,0.0,0.0,0.0,0.002791395443006106,0.002787506733682625,0.1156754131920178,0.0988602814026884
2022-07-20 00:00:00-04:00,96.84053612049405,96.91846220510534,96.24313363120359,96.31239318847656,9888100,0.0,0.0,0.0,-0.0010776676388807305,-0.0010782487401775653,0.10034009493895876,0.09027963272405934
2022-07-21 00:00:00-04:00,96.54619673444651,97.6371094347502,96.54619673444651,97.62845611572266,25141900,0.0,0.0,0.0,0.01366452315924338,0.01357200541709854,0.1266776765488365,0.09820867037396323
2022-07-22 00:00:00-04:00,98.45098005958316,98.90985702442596,97.95746999854254,98.3817138671875,16062400,0.0,0.0,0.0,0.00771555529437018,0.007685942618908873,0.1259714396712026,0.09822282296607711
2022-07-25 00:00:00-04:00,97.69769988788867,97.84489216017192,97.31674913911846,97.5505142211914,25656700,0.0,0.0,0.0,-0.00844872093932203,-0.008484613690283058,0.1336873504745413,0.10475374638805066
2022-07-26 00:00:00-04:00,97.84488665789888,97.94012599113218,97.4899024875592,97.53319549560547,18514600,0.0,0.0,0.0,-0.0001775359743021454,-0.00017755173567873293,0.1355287549553992,0.09741636316224667
2022-07-27 00:00:00-04:00,97.97475662182144,98.74532458552302,97.9487768542932,98.18254852294922,16995200,0.0,0.0,0.0,0.0066577643031597855,0.006635699272108254,0.13437779904056138,0.09859231431160005
2022-07-28 00:00:00-04:00,98.90118907049667,99.143614102423,98.69339052405694,98.99642181396484,17266700,0.0,0.0,0.0,0.008289388524330255,0.008255220236224934,0.11352703805093661,0.10013277312560667
2022-07-29 00:00:00-04:00,98.94446843558005,99.6371169965578,98.82325592824688,99.23018646240234,14914000,0.0,0.0,0.0,0.002361344421890177,0.002358560829303463,0.1049855630631973,0.10009221934808102
2022-08-01 00:00:00-04:00,99.27008590704614,99.73007701550465,99.16594247394885,99.42630767822266,18348900,0.276,0.0,0.0,0.001976426960505817,0.0019744763984135267,0.055863304761924484,0.09217856480838486
2022-08-02 00:00:00-04:00,99.40029611813743,99.5304820628633,98.1331666073055,98.2112808227539,22706500,0.0,0.0,0.0,-0.012220375912992631,-0.012295658657702385,0.12844576717924347,0.1044454106708712
2022-08-03 00:00:00-04:00,98.27202058587017,99.30481393742078,97.95957700782068,99.27877807617188,19416500,0.0,0.0,0.0,0.010869395495864964,0.010810748207637841,0.14204071837730978,0.10741474444441164
2022-08-04 00:00:00-04:00,99.16597432947503,99.48709218005322,98.86221151614455,99.43502044677734,22451000,0.0,0.0,0.0,0.0015737741099672853,0.0015725370252505386,0.1316915941855902,0.10717692446050518
2022-08-05 00:00:00-04:00,98.02903014840103,98.15921611121631,97.47357622048678,98.08978271484375,15893400,0.0,0.0,0.0,-0.013528812342866958,-0.013621160578393427,0.16482395492687668,0.11998930508948794
2022-08-08 00:00:00-04:00,98.57579303983515,98.88823664864064,98.42825206388032,98.4803237915039,11889800,0.0,0.0,0.0,0.003981465407008722,0.0039735603491443975,0.16864553771672078,0.12025104754088378
2022-08-09 00:00:00-04:00,98.08976093393467,98.25466355831948,97.92486493108153,98.03768920898438,17809000,0.0,0.0,0.0,-0.004494649951158225,-0.004504781259437429,0.14618171865335802,0.12205795687758504
2022-08-10 00:00:00-04:00,98.55843387327891,99.209356971149,98.54107883747653,98.96634674072266,25548100,0.0,0.0,0.0,0.009472454310491596,0.009427871930410876,0.13963521085261846,0.12362637316660742
2022-08-11 00:00:00-04:00,99.34823602777143,99.79086564308176,97.96827544646266,98.01167297363281,24970100,0.0,0.0,0.0,-0.009646448500225557,-0.009693276879599623,0.15090078461322326,0.1268037478022745
2022-08-12 00:00:00-04:00,98.54107976489608,99.16596700417763,98.30674373939938,99.14860534667969,16542900,0.0,0.0,0.0,0.011599969050142933,0.01153320521871698,0.1440948910595909,0.1300117153051285
2022-08-15 00:00:00-04:00,99.3221804392739,99.46972140790484,99.06180857101674,99.07917022705078,10750200,0.0,0.0,0.0,-0.0007003136290835155,-0.0007005589632203023,0.14424588408571007,0.12663052978590228
2022-08-16 00:00:00-04:00,98.77540373242329,98.82748208051859,98.18523321908742,98.69729614257812,15328900,0.0,0.0,0.0,-0.0038542317582752617,-0.0038616784498402223,0.1427035426407776,0.12794497885608885
2022-08-17 00:00:00-04:00,98.03769232306577,98.22863081599071,97.55167188400728,97.76864624023438,20836800,0.0,0.0,0.0,-0.009409071358978505,-0.00945361630883353,0.1380810589468148,0.1332217223237334
2022-08-18 00:00:00-04:00,98.0810848882391,98.35013095747931,97.9682539909204,98.02033233642578,13914300,0.0,0.0,0.0,0.0025743027634133053,0.0025709949217622083,0.12425126656565774,0.12453328863957285
2022-08-19 00:00:00-04:00,97.15244178394887,97.15244178394887,96.64037884993229,96.85735321044922,17996700,0.0,0.0,0.0,-0.01186467234149935,-0.011935619299711299,0.09495692001808875,0.12826163328434725
2022-08-22 00:00:00-04:00,96.58829019552033,96.59697102244868,96.10226983202612,96.20641326904297,10208500,0.0,0.0,0.0,-0.006720604268339869,-0.006743289224073072,0.08858241175218275,0.12702651320579064
2022-08-23 00:00:00-04:00,96.09361065060533,96.76188880094246,95.99814139748112,96.31058502197266,14517700,0.0,0.0,0.0,0.0010827942690094794,0.0010822084701232963,0.10158653041696047,0.12716910009093038
2022-08-24 00:00:00-04:00,96.10229176839341,96.1630443276976,95.84191987335696,96.02417755126953,14441000,0.0,0.0,0.0,-0.002973790166862611,-0.0029782206666054255,0.09340491276181677,0.12444499683347661
2022-08-25 00:00:00-04:00,96.53623308407813,97.23922787643662,96.1196394083827,97.0135726928711,33579200,0.0,0.0,0.0,0.01030360443413647,0.010250884132146117,0.1331521300648982,0.12664266541937774
2022-08-26 00:00:00-04:00,96.72718803337663,96.97887914018834,96.34531757953594,96.4321060180664,13942300,0.0,0.0,0.0,-0.005993663140780425,-0.006011697236005095,0.1104305097951012,0.12718960225604573
2022-08-29 00:00:00-04:00,96.00681331139073,96.00681331139073,95.59890047165285,95.72040557861328,18371900,0.0,0.0,0.0,-0.007380326623995792,-0.007407695980878839,0.11271188276282007,0.1282287891489691
2022-08-30 00:00:00-04:00,95.97212017108582,96.16305870645829,95.33855199658022,95.84193420410156,19251300,0.0,0.0,0.0,0.0012696208792017938,0.001268815592147447,0.11293615525547253,0.12259904628348467
2022-08-31 00:00:00-04:00,95.64228887330536,95.7898364606487,94.78307231892495,94.83514404296875,19484300,0.0,0.0,0.0,-0.010504693686469113,-0.010560257443914192,0.132395953271552,0.11810317595933546
2022-09-01 00:00:00-04:00,94.15976432873326,94.35993387317357,93.42869330729015,94.26419830322266,26706500,0.304,0.0,0.0,-0.00602040251541569,-0.006038598205649736,0.06858712327047295,0.11790924803781505
2022-09-02 00:00:00-04:00,94.73420052850602,95.08232937825818,94.32514962804764,94.33385467529297,14458700,0.0,0.0,0.0,0.0007389483316480039,0.0007386754437546752,0.08222880119301852,0.11111525722750813
2022-09-06 00:00:00-04:00,93.87259866974809,93.94222577652488,93.05449676513672,93.05449676513672,16455700,0.0,0.0,0.0,-0.013562023035737614,-0.013654827301088352,0.10499978766236456,0.11608174547433167
2022-09-07 00:00:00-04:00,93.48093831320179,94.4208774985835,93.46352822013631,94.32514190673828,21874300,0.0,0.0,0.0,0.013654849424510784,0.013562462041877554,0.1717580660204774,0.1296595453480693
2022-09-08 00:00:00-04:00,94.29033297960694,94.57753976921197,94.03794637783861,94.1075668334961,16871100,0.0,0.0,0.0,-0.0023066498374029187,-0.0023093142521755958,0.15899480034306016,0.12250491896062836
2022-09-09 00:00:00-04:00,94.47310113777496,94.85603686515086,94.29903340714503,94.32514190673828,11911700,0.0,0.0,0.0,0.002311982772088328,0.002309314252175689,0.1550215339122685,0.12057281679143479
2022-09-12 00:00:00-04:00,94.69067020051202,94.88213472272272,93.92478555165223,94.11625671386719,11084600,0.0,0.0,0.0,-0.002214522964382293,-0.0022169786464749496,0.15575181642710947,0.10954387294302731
2022-09-13 00:00:00-04:00,93.17631020282488,93.5766559749643,93.04576772060868,93.43740844726562,19563400,0.0,0.0,0.0,-0.007212869384142673,-0.0072390078914520055,0.1256161917098745,0.11049802771189307
2022-09-14 00:00:00-04:00,93.41130610474661,94.04663502673475,93.38519760658336,93.88127899169922,19360500,0.0,0.0,0.0,0.004750458641884281,0.004739210820703771,0.0735203890621774,0.113691917026728
2022-09-15 00:00:00-04:00,93.66370070445117,93.7855447910167,93.29816180474987,93.4287109375,12947800,0.0,0.0,0.0,-0.004820642188302915,-0.004832298961031758,0.07847602732660389,0.11111711103329609
2022-09-16 00:00:00-04:00,92.90653323726897,94.13368595013489,92.8891297826209,93.21114349365234,13980900,0.0,0.0,0.0,-0.002328700050171939,-0.002331415688891612,0.07107531847189039,0.10965032413813981
2022-09-19 00:00:00-04:00,92.79342123819345,93.46356399763307,92.71508906942347,93.36782836914062,13679600,0.0,0.0,0.0,0.0016809672064472814,0.0016795559623547262,0.07674957446292137,0.10472092046347048
2022-09-20 00:00:00-04:00,92.54969300256107,92.81949633118215,92.3060048141331,92.43655395507812,30310500,0.0,0.0,0.0,-0.009974253769516772,-0.010024329898241825,0.09073332568895048,0.1073474818532035
2022-09-21 00:00:00-04:00,92.80207141942802,93.03706116360779,91.90564430941824,92.78466796875,23883200,0.0,0.0,0.0,0.0037659778386054388,0.0037589042977016324,0.08617919927345245,0.10877422126883679
2022-09-22 00:00:00-04:00,91.92307434856292,91.93177275578755,91.21811160304189,91.47920989990234,20982600,0.0,0.0,0.0,-0.014069760634239037,-0.014169678032826183,0.12097411929222655,0.11711800587967149
2022-09-23 00:00:00-04:00,91.27902354531831,91.44438622435122,90.80035224075667,91.21810150146484,18671200,0.0,0.0,0.0,-0.002854292234522049,-0.002858373494524601,0.12052268439556674,0.10707780682678424
2022-09-26 00:00:00-04:00,90.85257231418454,91.0266334053717,89.59061280306508,89.63412475585938,27606500,0.0,0.0,0.0,-0.017364719496820835,-0.017517254637558044,0.13593454607385552,0.11824422347833848
2022-09-27 00:00:00-04:00,89.6950454430883,89.87781157806782,88.25031981610532,88.2851333618164,34683500,0.0,0.0,0.0,-0.015049975639493063,-0.015164375787038229,0.14482987680812023,0.12444872144236964
2022-09-28 00:00:00-04:00,89.19898736844436,90.13893342849008,89.00751613695283,90.06060791015625,39921300,0.0,0.0,0.0,0.020110685465733802,0.019911136571319495,0.24691419732890665,0.15032213058020374
2022-09-29 00:00:00-04:00,89.22509443061614,89.45137921326292,88.54624672268231,89.39045715332031,30873000,0.0,0.0,0.0,-0.0074411085199921345,-0.007468931677346018,0.23730203490830049,0.14869527957748094
2022-09-30 00:00:00-04:00,89.69505670084776,90.13892116436803,89.15546327461306,89.1641616821289,24058300,0.0,0.0,0.0,-0.0025315394774553246,-0.0025347492417593263,0.2374557647115184,0.14824245685645407
2022-10-03 00:00:00-04:00,90.4730937756092,91.54713603162404,90.28098692343113,90.81364440917969,27200900,0.339,0.0,0.0,0.018499391413909105,0.01833035915279148,0.2507498905516289,0.16609435401576844
2022-10-04 00:00:00-04:00,91.52095701181737,91.79165610679115,91.12801595357054,91.23280334472656,21918800,0.0,0.0,0.0,0.004615594256500266,0.004604975064712976,0.19581013077387469,0.16156203737303088
2022-10-05 00:00:00-04:00,90.52544745818074,90.7175542325345,89.89673680103989,90.54291534423828,24999500,0.0,0.0,0.0,-0.007561841521864787,-0.007590577200218788,0.1732182772595731,0.15349512405120214
2022-10-06 00:00:00-04:00,90.53422246130214,90.76125844869236,90.11507961243171,90.33338165283203,22017200,0.0,0.0,0.0,-0.002314192011706462,-0.002316873892430201,0.16062834753078614,0.1534953263663298
2022-10-07 00:00:00-04:00,89.80074401806748,89.86187499847807,89.39034168739678,89.43399810791016,20895500,0.0,0.0,0.0,-0.009956270079408469,-0.010006165192078328,0.18152557677888473,0.1550932998486501
2022-10-10 00:00:00-04:00,89.4077852423569,89.4601756014329,88.27261194067874,88.63063049316406,6179400,0.0,0.0,0.0,-0.008982798843195638,-0.009023387429623693,0.0960818904872327,0.15671466524694336
2022-10-11 00:00:00-04:00,88.86638652876033,89.21567110558429,88.22894833845211,88.44725036621094,30332900,0.0,0.0,0.0,-0.0020690378251034813,-0.002071181240913589,0.059327887978864256,0.15592141150421415
2022-10-12 00:00:00-04:00,88.34246826171875,88.6131673224728,88.04558068404928,88.34246826171875,18941200,0.0,0.0,0.0,-0.0011846847025582807,-0.0011853869961996675,0.06675764781750651,0.15356812813691917
2022-10-13 00:00:00-04:00,86.62224263252608,88.75287257209881,86.60478140146941,88.49964141845703,20727700,0.0,0.0,0.0,0.0017791347675801816,0.001777553981995585,0.08145812683488834,0.15431064627863458
2022-10-14 00:00:00-04:00,89.0584993530263,89.0584993530263,87.55658023537124,87.65263366699219,20681900,0.0,0.0,0.0,-0.009570747834557802,-0.009616841779734524,0.07973459342381131,0.15623272647612765
2022-10-17 00:00:00-04:00,88.42105428761951,88.77906614522955,88.01064541368794,88.07176971435547,16585700,0.0,0.0,0.0,0.004781784982704096,0.004770388564600878,0.08529057987337466,0.15785052046649262
2022-10-18 00:00:00-04:00,88.60444470251593,88.72669332801374,87.76616555822369,88.59571075439453,23532600,0.0,0.0,0.0,0.005949023639906015,0.005931398067524612,0.09843753422419943,0.15846202189983752
2022-10-19 00:00:00-04:00,87.792366992087,88.05432549592858,87.26844332235291,87.3819580078125,16461800,0.0,0.0,0.0,-0.013699904162931764,-0.01379461385392035,0.14144126125342468,0.16201526642761677
2022-10-20 00:00:00-04:00,87.16365259390267,87.64391982567557,86.53494154941839,86.62226104736328,21437300,0.0,0.0,0.0,-0.008693979601387514,-0.00873199272596365,0.14263958013140346,0.15819859632387007
2022-10-21 00:00:00-04:00,86.21186163366268,87.00647775229045,85.93243523363245,86.86676788330078,18871700,0.0,0.0,0.0,0.002822678985530125,0.0028187027079484813,0.14061848409265174,0.15939311932668002
2022-10-24 00:00:00-04:00,86.7794189002339,87.30334909180864,86.29915844068924,86.82308197021484,16517100,0.0,0.0,0.0,-0.0005029070857640594,-0.0005030335859461851,0.12969102444450567,0.14930534659900538
2022-10-25 00:00:00-04:00,87.57404241508146,88.35993104885806,87.57404241508146,87.98445129394531,23143100,0.0,0.0,0.0,0.013376273882202083,0.013287601393849529,0.16676651876384493,0.14931172902175663
2022-10-26 00:00:00-04:00,88.20275837191623,88.82273536793257,88.11543888806385,88.3861312866211,22201400,0.0,0.0,0.0,0.004565352022641189,0.004554962412579683,0.12719726740592852,0.13035698995233647
2022-10-27 00:00:00-04:00,88.69175955022047,89.14582489798396,88.36867010716274,88.79654693603516,21002900,0.0,0.0,0.0,0.00464343945639123,0.004632691948823524,0.08152565232945366,0.12937586260827752
2022-10-28 00:00:00-04:00,88.44725429981435,89.11089435908967,88.40359122750102,88.97991180419922,19532300,0.0,0.0,0.0,0.0020649999858231016,0.002062870804022118,0.08295427663911706,0.12935398585542807
2022-10-31 00:00:00-04:00,88.66555309271698,88.78780169626138,88.16782473198637,88.49964141845703,21884100,0.0,0.0,0.0,-0.005397514742417675,-0.005412133953783911,0.10666497574125447,0.11025212411074842
2022-11-01 00:00:00-04:00,89.42544179178992,89.50427278745863,88.62841144438079,89.13640594482422,26415300,0.307,0.0,0.0,0.007195108546896201,0.007169347249805883,0.07670801523974956,0.11243607714586858
2022-11-02 00:00:00-04:00,89.25901882199575,90.14363382990689,88.47949619997861,88.70722198486328,23174200,0.0,0.0,0.0,-0.004814912104786906,-0.004826541137605616,0.08951414236364172,0.11076485405216618
2022-11-03 00:00:00-04:00,87.87515186094315,88.61963251111534,87.59487655679749,88.39190673828125,52723900,0.0,0.0,0.0,-0.0035545611679265177,-0.0035608936310131565,0.08582622392990405,0.11104712169014962
2022-11-04 00:00:00-04:00,88.6459019289308,88.9436981804084,88.16418232895843,88.56707763671875,16698200,0.0,0.0,0.0,0.0019817526841701127,0.0019797916028109082,0.08564680496375074,0.10635203951222053
2022-11-07 00:00:00-05:00,88.61087921761074,88.66343543547663,88.0590890472005,88.2430191040039,13428300,0.0,0.0,0.0,-0.0036589051074266132,-0.0036656152736272585,0.08066240741458117,0.10229886803041642
2022-11-08 00:00:00-05:00,88.46198318712777,88.89115331372687,88.33060266771844,88.61087799072266,19206000,0.0,0.0,0.0,0.004168702413560821,0.004160037446420328,0.06329993470008864,0.10317923901602442
2022-11-09 00:00:00-05:00,88.33934483914318,88.82982488215653,88.15541482301319,88.38314056396484,12204000,0.0,0.0,0.0,-0.0025700843047922195,-0.002573392641143681,0.05684612945727685,0.1035268571255441
2022-11-10 00:00:00-05:00,90.30128236823369,91.43114404284424,90.27500760315046,91.34355926513672,28447600,0.0,0.0,0.0,0.03349528747543595,0.03294654035709461,0.2433382319576154,0.15764759392272445
2022-11-11 00:00:00-05:00,91.19467128209435,91.73770095378991,91.07205124769273,91.58880615234375,8578600,0.0,0.0,0.0,0.002684884289380074,0.0026812864260154705,0.24253221741956177,0.15200090180568668
2022-11-14 00:00:00-05:00,91.2734904351379,91.48369524192871,91.09832087652728,91.12459564208984,22576600,0.0,0.0,0.0,-0.005068419709301164,-0.005081307714799831,0.24654361772670605,0.15382829223265637
2022-11-15 00:00:00-05:00,92.07052032862669,92.42961990129061,91.80775932830493,92.39458465576172,25504400,0.0,0.0,0.0,0.01393684114286775,0.013840616387732261,0.2503430395273588,0.15923867125579905
2022-11-16 00:00:00-05:00,92.66613683810444,93.36682193394802,92.47344626500254,93.18289184570312,24648800,0.0,0.0,0.0,0.008531963132671017,0.008495771645809308,0.2310935943549204,0.14912473039949545
2022-11-17 00:00:00-05:00,92.4208784718773,92.76247051563062,92.15812409967862,92.68363952636719,24106600,0.0,0.0,0.0,-0.00535776803495891,-0.005372172347129955,0.13405578738184118,0.14601542524569863
2022-11-18 00:00:00-05:00,92.95514102209289,93.09528201295633,92.49969616636719,92.67486572265625,14214100,0.0,0.0,0.0,-9.466399631885558e-05,-9.466847723774513e-05,0.13583671306040718,0.14654185882171417
2022-11-21 00:00:00-05:00,93.01644094318752,93.15658191884633,92.52596089296067,92.53472137451172,9664100,0.0,0.0,0.0,-0.0015122152813680234,-0.0015133598329143767,0.1254878576571952,0.1469308203531501
2022-11-22 00:00:00-05:00,93.00771593174083,93.48068184754784,92.89384968320171,93.3580551147461,15050400,0.0,0.0,0.0,0.008897565454399903,0.008858215360001627,0.10073114915493452,0.14365265552852358
2022-11-23 00:00:00-05:00,93.68208225661816,94.33021745984146,93.64704701829685,94.2951889038086,12511500,0.0,0.0,0.0,0.010038060324957243,0.009988013633219885,0.10715877671235476,0.14573850636300936
2022-11-25 00:00:00-05:00,94.34776673680506,94.40907675169628,94.15507620934969,94.39155578613281,4413900,0.0,0.0,0.0,0.0010219702982146028,0.0010214484420867647,0.08545726353827313,0.14585619589109614
2022-11-28 00:00:00-05:00,94.46163045978403,94.48790522700034,93.62080449740864,93.70838928222656,18815800,0.0,0.0,0.0,-0.007237580715950154,-0.007263899067610266,0.11516410135185677,0.15039834358851908
2022-11-29 00:00:00-05:00,93.28795923715842,93.55071353413952,93.05147301935723,93.2441635131836,23040000,0.0,0.0,0.0,-0.004953940331263618,-0.0049662517705871415,0.12444932408910779,0.15009209070458998
2022-11-30 00:00:00-05:00,93.19165570223709,94.4003420468447,92.83254931531978,94.38282775878906,20930100,0.0,0.0,0.0,0.01221164095106575,0.01213768037492716,0.13823164810925556,0.15312962320549728
2022-12-01 00:00:00-05:00,94.82565288210638,95.6076652488595,94.55326851049536,95.56373596191406,30830200,0.344,0.0,0.0,0.01251189682664533,0.012434269881769306,0.14783295723839482,0.15389017383824571
2022-12-02 00:00:00-05:00,94.89594947614326,96.1436538696289,94.71143037882702,96.1436538696289,16908900,0.0,0.0,0.0,0.0060683888284356335,0.0060500503097268505,0.14854039249079395,0.15158614087868827
2022-12-05 00:00:00-05:00,95.51980758727233,95.51980758727233,94.91352572734277,95.32649993896484,19612000,0.0,0.0,0.0,-0.008499301802822323,-0.008535626839803431,0.1545525691124609,0.1580963381633557
2022-12-06 00:00:00-05:00,95.6603834364541,95.75703724649365,95.36163346805259,95.61644744873047,18220800,0.0,0.0,0.0,0.0030416254656497888,0.0030370090814188532,0.13647042352541164,0.15571358827207232
2022-12-07 00:00:00-05:00,96.11728830219789,96.72357008261575,96.02063449071996,96.67963409423828,22116700,0.0,0.0,0.0,0.011119286209392953,0.011057921415936407,0.13304484324378726,0.15771625904715822
2022-12-08 00:00:00-05:00,96.42481101881381,96.67962497925984,96.13485631540762,96.3720932006836,18285600,0.0,0.0,0.0,-0.0031810307976022356,-0.003186101031304738,0.12230983087457778,0.1580895150614196
2022-12-09 00:00:00-05:00,96.03821897445978,96.12608425430068,95.61645624605588,95.65160369873047,15568800,0.0,0.0,0.0,-0.007476121748780429,-0.007504208018792139,0.1294888010801023,0.12042937212684526
2022-12-12 00:00:00-05:00,96.31940362235514,96.42483928952817,95.4670962263494,95.52860260009766,13988400,0.0,0.0,0.0,-0.0012859282424602103,-0.0012867557576754533,0.1121293313167655,0.12109896584671904
2022-12-13 00:00:00-05:00,97.32106132425805,97.4352855065248,96.19636976329447,96.36331176757812,19976000,0.0,0.0,0.0,0.008737793129610871,0.008699839542048948,0.1267791521486658,0.12011805123197875
2022-12-14 00:00:00-05:00,96.35453239612316,96.59176930495408,95.5725133619693,96.45117950439453,19894900,0.0,0.0,0.0,0.0009118380761792277,0.0009114226043834626,0.09517871601557676,0.11281428930839987
2022-12-15 00:00:00-05:00,96.53227233886719,96.69972753491659,96.2061838716486,96.53227233886719,16931200,0.332,0.0,0.0,0.0008407656069044922,0.000840412361485482,0.09216650118249542,0.11034220483379452
2022-12-16 00:00:00-05:00,95.60688225771473,96.24143554293225,95.60688225771473,96.11804962158203,16643900,0.0,0.0,0.0,-0.004291028349887704,-0.004300261233881818,0.07659574286948606,0.10948734558896446
2022-12-19 00:00:00-05:00,95.56282481486343,95.58044849551327,94.91944952466179,95.14859771728516,14746200,0.0,0.0,0.0,-0.010086054680818246,-0.010137263551622748,0.11083985683306398,0.11729867057900346
2022-12-20 00:00:00-05:00,94.24081463547755,94.320131274146,93.87946535080121,94.029296875,18678000,0.0,0.0,0.0,-0.011763713487517036,-0.011833453438446915,0.09428573170868781,0.1259357924236855
2022-12-21 00:00:00-05:00,94.62857539429663,94.76076975379252,94.31129548345366,94.67263793945312,15087800,0.0,0.0,0.0,0.006841921463140999,0.0068186217347205366,0.12242549569083218,0.12439141843670119
2022-12-22 00:00:00-05:00,94.62858604155662,94.77841081519396,94.42587679414412,94.64620971679688,13957300,0.0,0.0,0.0,-0.0002791537579543979,-0.0002791927286173947,0.12004853259311388,0.119442951258927
2022-12-23 00:00:00-05:00,94.26725298729026,94.57571778709904,94.15268226851224,94.35538482666016,5992400,0.0,0.0,0.0,-0.0030727579161060614,-0.0030774885298843506,0.12012004348721628,0.11995822173337423
2022-12-27 00:00:00-05:00,93.70321206276242,93.89710616638152,93.10390607158934,93.13916015625,10456200,0.0,0.0,0.0,-0.012889827884698613,-0.012973622560939209,0.13073244230353215,0.1260113540360201
2022-12-28 00:00:00-05:00,93.48286472696347,93.62388104396003,92.84830474853516,92.84830474853516,10050900,0.0,0.0,0.0,-0.0031228047067087816,-0.0031276908362640743,0.11249304345372506,0.12527498988494962
2022-12-29 00:00:00-05:00,93.18321177769225,93.5445543099109,93.12151882223893,93.5093002319336,14253300,0.0,0.0,0.0,0.007119090490544044,0.007093869395929292,0.11395159236555646,0.11977572839571746
2022-12-30 00:00:00-05:00,93.25370397558419,93.36828139867187,92.68965223185572,92.9188003540039,8528200,0.0,0.0,0.0,-0.006314878589242512,-0.0063349017755445205,0.11476408904689774,0.11110869495590865
2023-01-03 00:00:00-05:00,94.25841034176281,94.29366441205183,93.2889469429074,93.56216430664062,15589800,0.0,0.0,0.0,0.006923937353749965,0.006900076974708068,0.1376314084570031,0.11190791804247337
2023-01-04 00:00:00-05:00,94.32893841191944,94.39063136695295,93.87945732580233,94.24080657958984,13951700,0.0,0.0,0.0,0.0072533836511630145,0.007227204379942264,0.10431908603625609,0.11250291439704678
2023-01-05 00:00:00-05:00,93.50048928077224,94.26725038256316,93.50048928077224,94.17030334472656,9848100,0.0,0.0,0.0,-0.0007481179058430598,-0.0007483978856909153,0.09758410155977174,0.1117002355814961
2023-01-06 00:00:00-05:00,94.32896313899255,95.8624789404072,94.20557719658159,95.71265411376953,20695600,0.0,0.0,0.0,0.01637831369616527,0.01624563584916151,0.13721540321183062,0.12033109224291538
2023-01-09 00:00:00-05:00,95.57160083559516,96.32073135063236,95.4834622963925,96.09158325195312,20449600,0.0,0.0,0.0,0.003959028633070627,0.003951212302471078,0.09945328896825109,0.12086954140251302
2023-01-10 00:00:00-05:00,95.63331707149956,95.9153429831707,95.40416891700796,95.76551818847656,19225200,0.0,0.0,0.0,-0.003393273921001194,-0.003399044131921295,0.12261307294120093,0.11841706358105292
2023-01-11 00:00:00-05:00,96.34721025889354,96.62923621906623,96.21500911918119,96.58516693115234,19541700,0.0,0.0,0.0,0.008558913042820082,0.008522493208500391,0.12466578453789481,0.12200634407761475
2023-01-12 00:00:00-05:00,96.84073219028393,97.69562508058601,96.2766803970176,97.6780014038086,18372500,0.0,0.0,0.0,0.011314723651461245,0.011251190953259988,0.11921920734192314,0.12460731252298402
2023-01-13 00:00:00-05:00,97.3431102573333,97.73089846331555,97.21972432343514,97.3607406616211,21077700,0.0,0.0,0.0,-0.0032480265528357366,-0.0032533128408525646,0.10646199697333109,0.12538906389594165
2023-01-17 00:00:00-05:00,96.95529333606578,97.30782732864253,96.87596999382335,97.00817108154297,20745100,0.0,0.0,0.0,-0.0036212705211794427,-0.0036278431936877047,0.11718705128967488,0.1262253189964825
2023-01-18 00:00:00-05:00,98.4271216921172,98.66507828569655,97.71324518735209,98.14509582519531,27794600,0.0,0.0,0.0,0.011719886386649447,0.011651740443214183,0.12297352944412351,0.13123719791125876
2023-01-19 00:00:00-05:00,97.71327948493804,98.03055953709458,97.61633242877747,97.94242095947266,18085800,0.0,0.0,0.0,-0.0020650534193134007,-0.0020671885821156137,0.1263851530076812,0.12513520156211105
2023-01-20 00:00:00-05:00,97.45767514608318,97.54580698407037,97.05226331211952,97.43123626708984,15440000,0.0,0.0,0.0,-0.005219236847273101,-0.00523290464161968,0.10979242543223712,0.11789737114818653
2023-01-23 00:00:00-05:00,97.07869228664569,97.4047807263319,97.01699933394606,97.14920043945312,18814700,0.0,0.0,0.0,-0.002894716709367917,-0.002898914504691026,0.10925998219618542,0.11744491478418566
2023-01-24 00:00:00-05:00,97.20208031783092,97.77494730487163,96.87598514698556,97.66036987304688,12419700,0.0,0.0,0.0,0.005261694705478659,0.0052479003565030075,0.11102809113000854,0.11809067375332273
2023-01-25 00:00:00-05:00,97.57224376909613,97.79257672134972,97.23734010232079,97.7044448852539,15450000,0.0,0.0,0.0,0.0004513090853979218,0.0004512072760831345,0.06339095587976112,0.11689973254171464
2023-01-26 00:00:00-05:00,97.76612885172842,97.89832995572814,97.27258523575878,97.66918182373047,13250300,0.0,0.0,0.0,-0.0003609156324960727,-0.00036098077821817393,0.06255523460863882,0.10378293933678262
2023-01-27 00:00:00-05:00,97.27258292422577,97.52816992614426,97.19325957409995,97.38715362548828,8924900,0.0,0.0,0.0,-0.0028875863703986537,-0.0028917634910576545,0.053066875973118426,0.10362022581726325
2023-01-30 00:00:00-05:00,97.08752171294365,97.49293356494992,96.95532058806522,97.01701354980469,20019800,0.0,0.0,0.0,-0.0038007074024054566,-0.0038079484439946147,0.05637451794993755,0.10428504349122032
2023-01-31 00:00:00-05:00,97.53701690810664,97.80141921420514,97.01703422321755,97.71328735351562,27212200,0.0,0.0,0.0,0.0071768216546215235,0.0071511908289374196,0.0685354235762393,0.10120288607293884
2023-02-01 00:00:00-05:00,98.0156351741714,98.92621497105442,97.49403679610589,98.7052001953125,29127300,0.342,0.0,0.0,0.010151258530564533,0.010100080561471826,0.09924347409407566,0.1036761303745991
2023-02-02 00:00:00-05:00,99.33284605474992,99.46545622204405,98.74936401658908,98.84661102294922,18958900,0.0,0.0,0.0,0.0014326583336734533,0.0014316330578527426,0.09728952047313877,0.10233513815112356
2023-02-03 00:00:00-05:00,97.86533815841182,98.04215402257846,97.50287744033244,97.72389221191406,16053900,0.0,0.0,0.0,-0.01135819224772916,-0.011423189146832411,0.13689556253518392,0.11304541751057123
2023-02-06 00:00:00-05:00,97.22879762079363,97.25531830775579,96.91053588757985,96.97241973876953,18455400,0.0,0.0,0.0,-0.0076897517703753415,-0.007719470361946842,0.14737059957429702,0.10402121385455504
2023-02-07 00:00:00-05:00,96.80444029637752,97.35255919012263,96.53038422192171,96.6541519165039,25191300,0.0,0.0,0.0,-0.003282044762036418,-0.0032874424845602294,0.1330331065952297,0.10416409248353489
2023-02-08 00:00:00-05:00,96.7425765888337,96.92822816935572,96.31822530132987,96.75141906738281,16484400,0.0,0.0,0.0,0.0010063421896551183,0.0010058361668134133,0.0879738468407784,0.10325496352792016
2023-02-09 00:00:00-05:00,97.21109603141649,97.21993850716872,95.8850079515584,95.93804931640625,21637500,0.0,0.0,0.0,-0.008406799185137426,-0.008442335626716577,0.07688071326830924,0.10332490598954228
2023-02-10 00:00:00-05:00,95.81429410679372,95.87617795544885,95.23081878302162,95.26618194580078,16092100,0.0,0.0,0.0,-0.007003137705975604,-0.007027774766705562,0.06242383480980205,0.09618975816123088
2023-02-13 00:00:00-05:00,95.35459164891589,95.61981201171875,95.27502284214142,95.61981201171875,32223500,0.0,0.0,0.0,0.0037120209784324842,0.003705148430670718,0.0818074283453439,0.09741976683439302
2023-02-14 00:00:00-05:00,95.57559753104958,95.78776975477032,94.78878573761986,95.381103515625,31922200,0.0,0.0,0.0,-0.002496433438548218,-0.002499554724308328,0.08170264990081319,0.09708179691905876
2023-02-15 00:00:00-05:00,95.23081847138138,95.29270231983399,94.77994657846456,95.01864624023438,24279600,0.0,0.0,0.0,-0.003800095218349453,-0.003807333924517987,0.07505226852528654,0.08540593883884821
2023-02-16 00:00:00-05:00,94.55893860319662,94.75343263927702,94.20531369621717,94.25836181640625,27909900,0.0,0.0,0.0,-0.008001423445940348,-0.008033606623636858,0.07345440718146364,0.08837909924347898
2023-02-17 00:00:00-05:00,93.94894003255646,94.62966918945312,93.90474113271755,94.62966918945312,18528900,0.0,0.0,0.0,0.003939251286481094,0.003931512752162219,0.08139336010102019,0.08978561563066223
2023-02-21 00:00:00-05:00,93.86937076157625,93.93125461246876,93.25053225265118,93.285888671875,21136000,0.0,0.0,0.0,-0.014200414405843631,-0.014302205086119072,0.10685416569448965,0.10053598648300566
2023-02-22 00:00:00-05:00,93.65720644450657,93.94894076920106,93.50691129833943,93.55111694335938,20971700,0.0,0.0,0.0,0.0028431767683243514,0.0028391425860429666,0.12033221211437672,0.0985637587662055
2023-02-23 00:00:00-05:00,93.82517478591662,94.32025238889213,93.75445519534975,94.2848892211914,21144600,0.0,0.0,0.0,0.00784354374172036,0.007812943060209172,0.14620894232808196,0.10444740531681418
2023-02-24 00:00:00-05:00,93.5776138305664,93.75442962083787,93.33892094474086,93.5776138305664,26721100,0.0,0.0,0.0,-0.007501471301151308,-0.007529748841186386,0.14484839574748914,0.10623966106207611
2023-02-27 00:00:00-05:00,93.82514828303036,93.96660091387697,93.53341403536639,93.60413360595703,19660700,0.0,0.0,0.0,0.0002833987136992011,0.0002833585638691656,0.13852152915085575,0.10653014284486802
2023-02-28 00:00:00-05:00,93.21518183015927,93.71025270497047,93.06488667616175,93.6395263671875,18239100,0.0,0.0,0.0,0.00037811109260910136,0.0003780396266240779,0.08807872951939687,0.10660390774193029
2023-03-01 00:00:00-05:00,93.38402035384955,93.47273647918833,92.94043295854915,93.0557632446289,27249600,0.372,0.0,0.0,-0.006234152875458698,-0.006253666348752885,0.09766674733615235,0.10225151647520452
2023-03-02 00:00:00-05:00,92.64767123498329,93.1356201171875,92.55895510238446,93.1356201171875,23715100,0.0,0.0,0.0,0.0008581614912841484,0.0008577934812379039,0.06460483787842991,0.09189539355109855
2023-03-03 00:00:00-05:00,93.6945143233356,94.24456503713556,93.54369625891808,94.19132995605469,27316900,0.0,0.0,0.0,0.011335188808952346,0.011271426939097898,0.10025607576473945,0.10399122229122394
2023-03-06 00:00:00-05:00,94.48408689699014,94.51957469021684,93.88080794934498,93.93403625488281,14688600,0.0,0.0,0.0,-0.002731607052283036,-0.002735344698899972,0.10442604240738146,0.09848526002839987
2023-03-07 00:00:00-05:00,94.12034661205979,94.21793635596791,93.45496568647074,93.66789245605469,22431700,0.0,0.0,0.0,-0.002833305258021279,-0.002837326665075857,0.10753318635270245,0.09621879676299568
2023-03-08 00:00:00-05:00,93.95178056378433,94.19131469973176,93.2863996911918,93.5170669555664,29396500,0.0,0.0,0.0,-0.001610215587577568,-0.0016115133780321865,0.0946726839820082,0.09604041397204677
2023-03-09 00:00:00-05:00,93.58805169268523,93.88969459258455,93.29528920307801,93.42835998535156,24552400,0.0,0.0,0.0,-0.0009485645038139756,-0.0009490146758235639,0.09571078608053195,0.09557798456739632
2023-03-10 00:00:00-05:00,94.48411733183173,95.05190866914482,94.26232362917484,94.76801300048828,36906000,0.0,0.0,0.0,0.014338826190963383,0.014236997471263472,0.11688484967828029,0.10781777158926918
2023-03-13 00:00:00-04:00,95.29142665369407,96.04552370695612,94.46635400825078,94.84783935546875,47445400,0.0,0.0,0.0,0.0008423343747858691,0.0008419798102803402,0.11187486988186338,0.10519446581102483
2023-03-14 00:00:00-04:00,94.78575091091069,95.4333914830388,94.42201276823548,94.56395721435547,49782100,0.0,0.0,0.0,-0.002993026968694079,-0.0029975150314107604,0.11231069964160806,0.10457865255849425
2023-03-15 00:00:00-04:00,95.19386528815906,95.90360111576067,94.91883647860952,95.46888732910156,50591500,0.0,0.0,0.0,0.009569503449340822,0.009524005780973987,0.11803348989735457,0.11019583570969303
2023-03-16 00:00:00-04:00,95.86808899569247,96.08101578171828,95.04301631350711,95.32691192626953,37961900,0.0,0.0,0.0,-0.0014871379231917725,-0.0014882448103250648,0.11955465457252405,0.10942190127548608
2023-03-17 00:00:00-04:00,95.61967102614219,96.18746219136969,95.4688529785109,95.80597686767578,32011600,0.0,0.0,0.0,0.0050254952324142455,0.005012909579728834,0.08121576042628025,0.1062199644885276
2023-03-20 00:00:00-04:00,95.88586256413333,96.06329483252257,95.42452783654986,95.5221176147461,24035100,0.0,0.0,0.0,-0.0029628553688434422,-0.002967253313943538,0.08928939404908766,0.10637076773265171
2023-03-21 00:00:00-04:00,95.92131937495463,96.03664963527842,95.54870090197589,95.9834213256836,29109400,0.0,0.0,0.0,0.004829286896653517,0.004817663298128142,0.08183351754402696,0.0919872332600583
2023-03-22 00:00:00-04:00,95.91244996344716,97.22546462779185,95.64629486652592,96.54234313964844,31434700,0.0,0.0,0.0,0.005823107847639175,0.005806219086803612,0.06557879939159829,0.09318947719898171
2023-03-23 00:00:00-04:00,96.44474822346658,96.89720915655846,96.1519789862539,96.8173599243164,28703800,0.0,0.0,0.0,0.00284866490416702,0.0028446151474092285,0.05664656061642054,0.09038931888906768
2023-03-24 00:00:00-04:00,97.08353075333567,97.31419807781954,96.86173707134127,97.1190185546875,26204100,0.0,0.0,0.0,0.0031157493925355606,0.003110905504350023,0.05415150687356616,0.08426194564062181
2023-03-27 00:00:00-04:00,96.24072090870227,96.69317516274458,95.93020432792788,95.95682525634766,16527900,0.0,0.0,0.0,-0.011966691134604246,-0.012038868376040106,0.1160931208216864,0.09750497137063946
2023-03-28 00:00:00-04:00,95.85035508589111,96.0011731599311,95.58419996932165,95.79712677001953,14138000,0.0,0.0,0.0,-0.001664274384875597,-0.0016656608279843747,0.11141123317027757,0.09801809984752356
2023-03-29 00:00:00-04:00,95.6019708922155,96.27621895532263,95.56648308332448,96.24073791503906,17506000,0.0,0.0,0.0,0.004630735388176266,0.00462004651857395,0.10748893104772503,0.09468128419833771
2023-03-30 00:00:00-04:00,96.24072375266417,96.56897409153919,96.22297646652655,96.37379455566406,18267200,0.0,0.0,0.0,0.0013825396968845105,0.0013815848688349163,0.10499430939662598,0.0946376612748936
2023-03-31 00:00:00-04:00,96.7907337033921,97.31417016242183,96.57781372496507,97.24319458007812,19187400,0.0,0.0,0.0,0.009021124761378063,0.00898067748667866,0.12557764175869357,0.09183672979723566
2023-04-03 00:00:00-04:00,97.15422140170169,97.91066494233519,97.0029340515083,97.83057403564453,20093500,0.34,0.0,0.0,0.006040314266750224,0.0060221446984206175,0.06575859910849548,0.09161294813605621
2023-04-04 00:00:00-04:00,97.37671042512434,98.07085881238962,97.2610212904691,97.95516967773438,20317700,0.0,0.0,0.0,0.0012735859246255643,0.0012727756020092108,0.052020166945330855,0.08985238688395428
2023-04-05 00:00:00-04:00,98.08865002303642,98.40902720944332,97.93736268214043,98.2755355834961,14674800,0.0,0.0,0.0,0.003270535968807886,0.0032651993985106154,0.052647307856047966,0.08873064379037088
2023-04-06 00:00:00-04:00,98.32893241847218,98.42682582774336,98.09755416898243,98.1865463256836,14191300,0.0,0.0,0.0,-0.0009055077368353981,-0.0009059179566229557,0.06202549373193384,0.08870858123985763
2023-04-10 00:00:00-04:00,97.69708305242551,97.79497646547738,97.31441065313187,97.73268127441406,10825500,0.0,0.0,0.0,-0.004622476991542834,-0.0046331936761497845,0.06442269632055983,0.08028386983619001
2023-04-11 00:00:00-04:00,97.75047870896711,97.84837212373986,97.49240347692988,97.70598602294922,14510100,0.0,0.0,0.0,-0.0002731455958921991,-0.0002731829069448646,0.04646125602198789,0.0805122503633682
2023-04-12 00:00:00-04:00,98.12427105857556,98.16876375112604,97.35002487978586,97.50131225585938,20049200,0.0,0.0,0.0,-0.00209479250372413,-0.0020969896504548606,0.045642707034424135,0.07990861501057116
2023-04-13 00:00:00-04:00,97.80386362508192,97.9373552408865,97.49238771464833,97.67037200927734,18589100,0.0,0.0,0.0,0.0017339228519748229,0.0017324213431629226,0.03728181627654385,0.07409867879391809
2023-04-14 00:00:00-04:00,97.39449794426905,97.5101870611215,97.02962130012027,97.3499984741211,16218900,0.0,0.0,0.0,-0.003280150659463188,-0.0032855421467931013,0.03970299794875561,0.07521032323673484
2023-04-17 00:00:00-04:00,97.05633915702222,97.15423258068589,96.62917402618748,96.7359619140625,11891400,0.0,0.0,0.0,-0.006307514840093398,-0.006327491257156066,0.048356597027765444,0.07799461279809422
2023-04-18 00:00:00-04:00,96.92285821337602,97.20763724199487,96.91395695913766,97.05634307861328,10522400,0.0,0.0,0.0,0.003311913772412689,0.0033064414652056616,0.06153220136040172,0.07748401966244615
2023-04-19 00:00:00-04:00,96.80712963340595,96.82493213587956,96.52235070081605,96.57574462890625,14023700,0.0,0.0,0.0,-0.0049517469385567114,-0.004964047460275941,0.06688689298573189,0.07852353575767652
2023-04-20 00:00:00-04:00,96.79824279881745,97.09192302638343,96.78044708335875,96.94063568115234,16076100,0.0,0.0,0.0,0.0037782887789081787,0.0037711689740105012,0.07496820287572964,0.07694215157069342
2023-04-21 00:00:00-04:00,97.31442858840589,97.35892807150958,96.6914765629613,97.0029525756836,18480700,0.0,0.0,0.0,0.0006428356291805493,0.0006426290988627687,0.07423567561539968,0.07633754044134117
2023-04-24 00:00:00-04:00,97.09194260657654,97.45681934889338,97.09194260657654,97.43012237548828,7974300,0.0,0.0,0.0,0.004403678325888061,0.0043940105067415925,0.06109360583296737,0.07714349961575526
2023-04-25 00:00:00-04:00,97.84837566311167,98.09756323042568,97.81278422887664,97.8572769165039,17038800,0.0,0.0,0.0,0.004384214353846394,0.004374631684205669,0.06359009526992775,0.06368057169240383
2023-04-26 00:00:00-04:00,97.95518095823569,98.00857490504588,97.3411234112477,97.43012237548828,19635200,0.0,0.0,0.0,-0.004365076920953892,-0.004374631684205657,0.059774037600158286,0.06585734132186995
2023-04-27 00:00:00-04:00,97.2699140154137,97.35000491938357,97.02962772417149,97.07412719726562,14629500,0.0,0.0,0.0,-0.003653851288933807,-0.0036605429086497246,0.06689595866648981,0.06612060924012333
2023-04-28 00:00:00-04:00,97.73268062324492,97.8839679734383,97.45680289175502,97.83057403564453,18882100,0.0,0.0,0.0,0.007792466027963574,0.007762261574543954,0.08588429776757983,0.07106328818342489
2023-05-01 00:00:00-04:00,97.27872520530556,97.31444429822221,96.0910909135282,96.25182342529297,20789900,0.372,0.0,0.0,-0.016137599374366762,-0.016269228470523124,0.1472284982315695,0.08667205984980854
2023-05-02 00:00:00-04:00,96.6000866387405,97.43053690496903,96.49292934826158,97.41267395019531,21547100,0.0,0.0,0.0,0.012060556190952143,0.011988407208396036,0.17664664009008874,0.0949360184255096
2023-05-03 00:00:00-04:00,97.60018920433714,97.82342842318263,97.18942304646757,97.57339477539062,15750800,0.0,0.0,0.0,0.0016498964526678872,0.0016485368687586396,0.1742744473433195,0.09502268882180169
2023-05-04 00:00:00-04:00,97.02871984730965,97.56449273422525,96.93049402322424,97.30553436279297,17811700,0.0,0.0,0.0,-0.002745219772400609,-0.0027489947986339474,0.17307710674937424,0.09452494598955989
2023-05-05 00:00:00-04:00,97.04656800166043,97.17158143789118,96.7429590760134,96.92155456542969,12130800,0.0,0.0,0.0,-0.003946124954533947,-0.003953931449315949,0.16170974853146863,0.09531977870056735
2023-05-08 00:00:00-04:00,96.38578441849243,96.46614728143649,96.1000384401555,96.22505187988281,16424800,0.0,0.0,0.0,-0.007186251692616885,-0.007212197174545175,0.11850826056279166,0.09716033075337319
2023-05-09 00:00:00-04:00,96.24290629568868,96.43042645191423,96.1625434341869,96.1893310546875,15860300,0.0,0.0,0.0,-0.00037122167769676473,-0.00037129059752064356,0.05375328805511204,0.09715444710087189
2023-05-10 00:00:00-04:00,96.81438121916712,96.96618225046012,96.66258018787411,96.94832611083984,15815700,0.0,0.0,0.0,0.0078906366000282,0.007859668326641301,0.09017258600751737,0.1016997792374118
2023-05-11 00:00:00-04:00,97.54660346821109,97.55553494418865,97.20728232098443,97.3233642578125,12261800,0.0,0.0,0.0,0.0038684334430270084,0.0038609702953103387,0.09543398160080256,0.10253498175336286
2023-05-12 00:00:00-04:00,97.3233848611154,97.3948230586192,96.70724914262934,96.72510528564453,10797200,0.0,0.0,0.0,-0.006147125890378802,-0.006166097254936469,0.10227578487908749,0.10418455858751283
2023-05-15 00:00:00-04:00,96.23394856289929,96.30538673989166,96.08214754633015,96.20716094970703,20334800,0.0,0.0,0.0,-0.005354807672815931,-0.005369196043045557,0.09518857389755316,0.10350881256275854
2023-05-16 00:00:00-04:00,95.79643667723349,95.89466250333253,95.62677264802205,95.7249984741211,25934500,0.0,0.0,0.0,-0.005011710883330078,-0.00502431162479815,0.10173444855762201,0.10392181364577648
2023-05-17 00:00:00-04:00,95.90357696408407,95.97501515451997,95.61783101506131,95.71605682373047,25387100,0.0,0.0,0.0,-9.340977313299081e-05,-9.3414136097547e-05,0.06832375033784673,0.10269050601621446
2023-05-18 00:00:00-04:00,95.48388824606255,95.48388824606255,95.18027933628214,95.31422424316406,21383500,0.0,0.0,0.0,-0.0041981731582029225,-0.004207010228843447,0.037766863731173224,0.1022604817600072
2023-05-19 00:00:00-04:00,95.30528501826062,95.45708604359866,95.09990195072332,95.19812774658203,22194600,0.0,0.0,0.0,-0.0012180395686360868,-0.0012187819817517343,0.03764789720045287,0.10211923672497292
2023-05-22 00:00:00-04:00,95.26062507818544,95.48386426267568,95.09989259284369,95.16239929199219,15526700,0.0,0.0,0.0,-0.0003753062737216206,-0.00037537671874735945,0.03604925041086777,0.1002066078570351
2023-05-23 00:00:00-04:00,95.05525495576319,95.44815815396024,94.91238540087711,95.3588638305664,15529300,0.0,0.0,0.0,0.00206451854972034,0.0020623903599207676,0.03602585558968661,0.09883391502120653
2023-05-24 00:00:00-04:00,95.4124335066213,95.4481525964431,94.93023601310662,94.98381805419922,16688900,0.0,0.0,0.0,-0.003932993340121649,-0.003940747897521394,0.04142965663361309,0.09866643302060198
2023-05-25 00:00:00-04:00,95.09097070642292,95.1534774118743,94.63556762930001,94.67127990722656,18743200,0.0,0.0,0.0,-0.0032904357118421768,-0.0032958610999586995,0.03811826239803312,0.09855748391892481
2023-05-26 00:00:00-04:00,94.68916358338736,95.10885447444085,94.6177253864588,95.07313537597656,15848500,0.0,0.0,0.0,0.004244745282241835,0.0042357617638457004,0.05521032573128389,0.09498786232668585
2023-05-30 00:00:00-04:00,95.49281261738415,95.78748321533203,95.43923057098598,95.78748321533203,21581400,0.0,0.0,0.0,0.007513666573953914,0.007485579584370796,0.07789839734393367,0.08265607223998311
2023-05-31 00:00:00-04:00,95.76070099204046,96.2071794650897,95.60889994625671,96.10002899169922,24052300,0.0,0.0,0.0,0.0032629083245101498,0.0032575965904742318,0.07907576667962712,0.07027989806137536
2023-06-01 00:00:00-04:00,96.40370540635351,96.62767089482941,96.25141051456214,96.39474487304688,26084500,0.349,0.0,0.0,0.0030667616278565735,0.0030620687066811934,0.062274597077382046,0.07107534782709783
2023-06-02 00:00:00-04:00,96.47538832013583,96.53809839151997,96.05433205446305,96.13495635986328,17086600,0.0,0.0,0.0,-0.002695048506282549,-0.0026986866876952563,0.058541666684413754,0.07105546482790898
2023-06-05 00:00:00-04:00,95.83037155169447,96.29621684422536,95.7228656373171,95.92891693115234,14211100,0.0,0.0,0.0,-0.002143231104611565,-0.0021455311112802875,0.0674177561004216,0.07021104814460599
2023-06-06 00:00:00-04:00,95.95579471171563,96.14392494161461,95.695993869983,96.11705017089844,25228400,0.0,0.0,0.0,0.001961173395516491,0.0019592528056360764,0.045851287696294,0.06605138935267264
2023-06-07 00:00:00-04:00,96.04538292550838,96.14392831151225,95.20327029416099,95.25702667236328,26526700,0.0,0.0,0.0,-0.008947668462629843,-0.008987939247821795,0.0752274848872097,0.07323341618350739
2023-06-08 00:00:00-04:00,95.35559610922236,95.94686173949036,95.32872133078577,95.89311218261719,16579800,0.0,0.0,0.0,0.006677570489804552,0.006655374272395717,0.09224130809544373,0.07150123856868443
2023-06-09 00:00:00-04:00,95.68702380401666,95.78556917675101,95.48097935912489,95.6422348022461,12060000,0.0,0.0,0.0,-0.0026162189823740745,-0.0026196472639850054,0.09215328766781132,0.06988848192837788
2023-06-12 00:00:00-04:00,95.84828537048172,95.9557912843923,95.33764424045606,95.94683074951172,14229300,0.0,0.0,0.0,0.003184743099065246,0.00317968254628874,0.09573217741779516,0.06836143726213227
2023-06-13 00:00:00-04:00,96.0991430836729,96.20664901706631,95.36453629270146,95.51683807373047,19385200,0.0,0.0,0.0,-0.00448157247532055,-0.004491644825824566,0.09852307794469248,0.06758703760860864
2023-06-14 00:00:00-04:00,95.79453236001169,96.05433318305136,95.3466013206092,95.81244659423828,30280100,0.0,0.0,0.0,0.0030948315131582582,0.0030900523799799805,0.07290755816147432,0.066286414408757
2023-06-15 00:00:00-04:00,96.3141423710098,96.66352806529719,96.09913053230537,96.6456069946289,23426200,0.0,0.0,0.0,0.008695742881079216,0.00865815266831838,0.08319155661969549,0.07302653468410952
2023-06-16 00:00:00-04:00,96.34102213459873,96.56498768535754,96.12601711963839,96.47540283203125,13184500,0.0,0.0,0.0,-0.0017611163910131733,-0.0017626689796117812,0.08066014482857756,0.07144520462663169
2023-06-20 00:00:00-04:00,96.61873202225424,96.93228240943776,96.61873202225424,96.82478332519531,22272700,0.0,0.0,0.0,0.0036214463262966845,0.0036149046782772655,0.08120842369065336,0.07186216461052358
2023-06-21 00:00:00-04:00,96.42164137504786,96.83373714655885,96.13496575856692,96.71727752685547,17521700,0.0,0.0,0.0,-0.0011103128212409663,-0.0011109296751642915,0.06696984254931916,0.07207640638154476
2023-06-22 00:00:00-04:00,96.3589258133038,96.57393763959156,96.05433597839095,96.21559143066406,16007900,0.0,0.0,0.0,-0.005187140385047528,-0.005200640301946427,0.08561365093866305,0.07495528744270537
2023-06-23 00:00:00-04:00,96.86061175521587,96.86061175521587,96.30517479814691,96.48434448242188,13102800,0.0,0.0,0.0,0.0027932380580073524,0.0027893442178460633,0.05702536176680429,0.07351813002893312
2023-06-26 00:00:00-04:00,96.73518385520558,96.77101232128038,96.53809311737018,96.59184265136719,14642200,0.0,0.0,0.0,0.001114151415154252,0.0011135312090925352,0.056121686871127174,0.07191746204391938
2023-06-27 00:00:00-04:00,96.69039577073491,96.86956545500988,96.26933949431483,96.48434448242188,15749300,0.0,0.0,0.0,-0.0011129114632724146,-0.0011135312090924442,0.04760178183106228,0.0712369954928046
2023-06-28 00:00:00-04:00,96.6187351412244,96.92333183781103,96.42164436723648,96.90541076660156,17806000,0.0,0.0,0.0,0.0043640891839857865,0.004354594161509733,0.05910802136274959,0.06807590898434852
2023-06-29 00:00:00-04:00,96.18870506405474,96.26932936302806,95.86619419839224,96.17078399658203,25554500,0.0,0.0,0.0,-0.007580864310960833,-0.007609745116373295,0.07393209927355544,0.07312191240495083
2023-06-30 00:00:00-04:00,96.42162561231174,96.94122721814226,96.25141647824532,96.8785171508789,20938600,0.0,0.0,0.0,0.0073591284679765945,0.007332182202004395,0.09040026368804736,0.07695977579245519
2023-07-03 00:00:00-04:00,96.94864778852686,97.20928740938477,96.60711669921875,96.60711669921875,11810800,0.348,0.0,0.0,-0.00280145133969667,-0.002805382748651625,0.09383024510916697,0.07701489810848372
2023-07-05 00:00:00-04:00,96.44533905031591,96.50825158833041,95.79823474105117,95.91507720947266,21463300,0.0,0.0,0.0,-0.007163442129224484,-0.007189222773340256,0.10738907691718066,0.08104548421941218
2023-07-06 00:00:00-04:00,95.16011900960065,95.21404893950508,94.68378024665074,94.94441986083984,35240800,0.0,0.0,0.0,-0.010119966295944915,-0.0101715212728698,0.10961789108653128,0.08820744652711553
2023-07-07 00:00:00-04:00,94.9713659258197,95.25896702963266,94.83655140844931,94.85453033447266,17148000,0.0,0.0,0.0,-0.0009467594461995965,-0.0009472079060021269,0.10626512098678244,0.08255444322329464
2023-07-10 00:00:00-04:00,94.98036831472963,95.43873499338771,94.89049424323545,95.3488540649414,16360600,0.0,0.0,0.0,0.00521138767674767,0.0051978553902885085,0.09377243936387089,0.08108564537117914
2023-07-11 00:00:00-04:00,95.57352919790327,95.86113715726019,95.45669360712789,95.7982177734375,21693900,0.0,0.0,0.0,0.0047128380608543186,0.0047017674087279585,0.1094640970611758,0.08243770148853928
2023-07-12 00:00:00-04:00,96.27456544105594,96.77786566715108,96.27456544105594,96.64305114746094,23217300,0.0,0.0,0.0,0.008818884042513853,0.0087802248059319,0.11737124629112984,0.08750896431777636
2023-07-13 00:00:00-04:00,97.05648939628915,97.3620694694283,96.94864325267123,97.32611846923828,21637500,0.0,0.0,0.0,0.0070679403606068725,0.007043079544575168,0.05851412501131091,0.08860220258926103
2023-07-14 00:00:00-04:00,97.1733300334598,97.2811761750493,96.54419782739559,96.57115936279297,23784000,0.0,0.0,0.0,-0.007757004166193404,-0.007787246216331182,0.10412010301199584,0.0933688899644745
2023-07-17 00:00:00-04:00,96.55317729303553,96.81381686980657,96.48127530145359,96.73292541503906,12260100,0.0,0.0,0.0,0.001675096926592623,0.0016736955165160923,0.10372122075404121,0.08829435993235359
2023-07-18 00:00:00-04:00,97.12839544013761,97.22725898053785,96.93965782399692,96.9756088256836,17403600,0.0,0.0,0.0,0.002508798422081071,0.00250565664095299,0.10247179616617073,0.0884271796489418
2023-07-19 00:00:00-04:00,97.29915325792406,97.53282446490424,97.137377191656,97.52384185791016,20871600,0.0,0.0,0.0,0.005653308485147335,0.005637388508909254,0.09203420233264817,0.08973204240357066
2023-07-20 00:00:00-04:00,97.12839168463162,97.15535322061604,96.607112465759,96.86775207519531,37868000,0.0,0.0,0.0,-0.006727480893038984,-0.006750212400505338,0.09464009093063601,0.09311664862820913
2023-07-21 00:00:00-04:00,97.2272584280565,97.25421996493019,96.9576293454148,97.03852081298828,16517800,0.0,0.0,0.0,0.0017629059633841315,0.0017613538685300504,0.07303923439673504,0.09113553909377395
2023-07-24 00:00:00-04:00,97.20928464253235,97.3351097170269,96.89471509934368,96.92167663574219,17999400,0.0,0.0,0.0,-0.0012041009721415197,-0.0012048264841687099,0.0741510771746586,0.09087168187865585
2023-07-25 00:00:00-04:00,96.67001159919963,96.96660216781167,96.65203953001915,96.76887512207031,15029800,0.0,0.0,0.0,-0.0015765463307670924,-0.001577790387647755,0.07248015471981344,0.09103085235577933
2023-07-26 00:00:00-04:00,97.1193829430068,97.29913790881015,96.78684825593454,97.21824645996094,17816800,0.0,0.0,0.0,0.00464375903226899,0.004633010047578148,0.0673231109358269,0.09229223608810953
2023-07-27 00:00:00-04:00,97.10142605658753,97.18231066113212,95.91507052460354,96.03190612792969,29142600,0.0,0.0,0.0,-0.01220285671908139,-0.01227792288129412,0.10127543236481548,0.10115263108070517
2023-07-28 00:00:00-04:00,96.46330657514383,96.70596723395357,96.29254105345636,96.6610336303711,18719300,0.0,0.0,0.0,0.006551234145069529,0.006529868075971341,0.11623611069385065,0.10034371729711238
2023-07-31 00:00:00-04:00,96.68800338306241,97.09244013444244,96.68800338306241,96.9306640625,24906600,0.0,0.0,0.0,0.002789442880985149,0.0027855596049669463,0.11870135024002723,0.09732959893933973
2023-08-01 00:00:00-04:00,96.31650736682982,96.46981850375586,95.88362117260573,95.96479034423828,22977700,0.369,0.0,0.0,-0.009964583732129717,-0.010014562485426223,0.13908879428708618,0.10324913123407217
2023-08-02 00:00:00-04:00,95.41466786788058,95.48680983350062,95.04491019192245,95.37859344482422,28516700,0.0,0.0,0.0,-0.006108458084588042,-0.006127191039948365,0.1290888974768804,0.10238509785207567
2023-08-03 00:00:00-04:00,94.61203245593605,94.64809999910194,94.29638296904582,94.52184295654297,27632700,0.0,0.0,0.0,-0.008982628673140147,-0.009023215717123969,0.11735365184178616,0.10100275308552689
2023-08-04 00:00:00-04:00,94.86456191113504,95.63112461672625,94.85554158363568,95.50486755371094,19998900,0.0,0.0,0.0,0.010399972814959968,0.010346265148918255,0.13863468488199854,0.10770397521356208
2023-08-07 00:00:00-04:00,95.42367397984175,95.46876872531976,95.14410582325601,95.2703628540039,10726300,0.0,0.0,0.0,-0.0024554214430499988,-0.0024584409340428185,0.13112676371042087,0.10655922124374577
2023-08-08 00:00:00-04:00,95.71228319213301,95.86560123167045,95.52289760499178,95.64915466308594,17616200,0.0,0.0,0.0,0.003975966898147609,0.00396808363059184,0.12448772948698979,0.10615650635869991
2023-08-09 00:00:00-04:00,95.77540165025655,95.8746045969697,95.64914460543851,95.73933410644531,11514100,0.0,0.0,0.0,0.0009428148495094213,0.0009423706787477965,0.11462707937012794,0.10097782765087174
2023-08-10 00:00:00-04:00,95.85656679411666,96.10006054731411,95.03588915681753,95.06295013427734,22056400,0.0,0.0,0.0,-0.007064849348293434,-0.007089923563276051,0.10472163756136295,0.09947179551998812
2023-08-11 00:00:00-04:00,94.72928381075184,95.0629671207883,94.675175607149,94.7383041381836,12803100,0.0,0.0,0.0,-0.0034150633410301445,-0.0034209079801775003,0.06709117997977884,0.09680920693086123
2023-08-14 00:00:00-04:00,94.71122291766814,94.9637438683408,94.43165475146743,94.70220947265625,9829300,0.0,0.0,0.0,-0.00038099336752639434,-0.00038106596393919733,0.06704764960075488,0.09634658280540245
2023-08-15 00:00:00-04:00,94.48576017460954,94.64809162646723,94.20619201660156,94.20619201660156,17279900,0.0,0.0,0.0,-0.005237654525873547,-0.00525141912217666,0.05271108101101711,0.09648301292842269
2023-08-16 00:00:00-04:00,94.12502929724516,94.38656368406048,93.6650890390188,93.7823257446289,20773700,0.0,0.0,0.0,-0.004499346199005272,-0.0045094987217032135,0.03932130200570956,0.0932742949849543
2023-08-17 00:00:00-04:00,93.66510831646579,93.74627061847882,93.25026271835868,93.52983093261719,29797400,0.0,0.0,0.0,-0.0026923496512473166,-0.002695980543120875,0.029784204944593457,0.09161094754486102
2023-08-18 00:00:00-04:00,93.5478620096732,93.98074133708002,93.44865906370646,93.88153839111328,17884100,0.0,0.0,0.0,0.0037603773575671795,0.00375332481325424,0.057691936244040794,0.09288824755572644
2023-08-21 00:00:00-04:00,93.46668612999332,93.52981464739838,93.12398944700757,93.32239532470703,19065100,0.0,0.0,0.0,-0.005955836216454458,-0.005973642946822498,0.06237757614183066,0.0941184069577057
2023-08-22 00:00:00-04:00,93.41259414890432,93.67412858939555,93.27731676513388,93.61100006103516,18361500,0.0,0.0,0.0,0.0030925560292784926,0.0030877839140391653,0.07043381308460456,0.09575885684865675
2023-08-23 00:00:00-04:00,94.22425443821375,94.9457223727873,94.22425443821375,94.92768859863281,22620400,0.0,0.0,0.0,0.014065532220990828,0.01396753051760318,0.12145614809341776,0.10889800395146974
2023-08-24 00:00:00-04:00,94.76535119358746,94.89160824626865,94.5849790608334,94.60301971435547,20129900,0.0,0.0,0.0,-0.0034201705431814444,-0.00342603269664664,0.12349189168617773,0.10129227734219315
2023-08-25 00:00:00-04:00,94.56695237687485,94.95474389074964,94.25130972151022,94.65713500976562,18521400,0.0,0.0,0.0,0.0005720250323251186,0.0005718614883708337,0.1232043976665305,0.09775347234951645
2023-08-28 00:00:00-04:00,95.09000453861748,95.09901798397394,94.72926719007259,94.95472717285156,15271000,0.0,0.0,0.0,0.0031438957354374963,0.0031389640290500867,0.1029962805269917,0.09794501522538872
2023-08-29 00:00:00-04:00,94.90061461833125,95.74833943589466,94.82846577583878,95.71226501464844,21843300,0.0,0.0,0.0,0.007977884454534623,0.007946229383227728,0.10754525710637339,0.09689290523160132
2023-08-30 00:00:00-04:00,95.75736872162005,95.8295175708637,95.54092905438208,95.5770034790039,21533500,0.0,0.0,0.0,-0.0014132100585418916,-0.0014142095816784247,0.07016262094292129,0.09444269087287116
2023-08-31 00:00:00-04:00,95.73933410644531,95.95577377177726,95.65816493163777,95.73933410644531,20534800,0.0,0.0,0.0,0.0016984276712239676,0.0016969869739961278,0.056147505426915253,0.0881910527716103
2023-09-01 00:00:00-04:00,95.73661370018944,95.76376421614864,94.94922111731552,95.05782318115234,16514200,0.377,0.0,0.0,-0.0071184005158762,-0.0071438572080517685,0.08888510792604327,0.08435593525566407
2023-09-05 00:00:00-04:00,94.76820947037864,94.80441246125676,94.35188543280206,94.37903594970703,16272800,0.0,0.0,0.0,-0.007140782407269564,-0.007166399819052996,0.10133615589159033,0.08757972848791452
2023-09-06 00:00:00-04:00,94.50573182764386,94.53288234134911,94.08035536622533,94.28852081298828,17733800,0.0,0.0,0.0,-0.0009590597722038963,-0.0009595199642852291,0.06293244705207403,0.08600561599518605
2023-09-07 00:00:00-04:00,94.4061873737053,94.71390934661872,94.31568334814764,94.7048568725586,17295600,0.0,0.0,0.0,0.004415554046033554,0.004405834089425644,0.08263381083087201,0.0877522590085055
2023-09-08 00:00:00-04:00,94.94920701676087,95.19356852911874,94.7772445678711,94.7772445678711,18608800,0.0,0.0,0.0,0.0007643504008449931,0.0007640584338446137,0.08036245089671164,0.08435247782069251
2023-09-11 00:00:00-04:00,94.65959068383204,94.7048461439914,94.47858265322212,94.59623718261719,13686300,0.0,0.0,0.0,-0.0019098190296541473,-0.0019116450593116804,0.06686825147580144,0.08374368741207361
2023-09-12 00:00:00-04:00,94.60529478596297,94.62339973301403,94.40618179848619,94.569091796875,15839800,0.0,0.0,0.0,-0.00028696052349086454,-0.0002870017045402977,0.038812710639594544,0.08373959960234706
2023-09-13 00:00:00-04:00,94.46952265433218,94.8677485759661,94.41522163047782,94.7772445678711,19975200,0.0,0.0,0.0,0.00220106556001598,0.002198646763851937,0.03829725236958541,0.08177596924069983
2023-09-14 00:00:00-04:00,94.84967701831343,94.9401810516771,94.55100749369966,94.60530853271484,16821000,0.0,0.0,0.0,-0.0018141067082101392,-0.0018157541925609727,0.027758901932007092,0.08022003026678509
2023-09-15 00:00:00-04:00,94.51477312792514,94.56002858209331,94.26135915661416,94.4604721069336,21796400,0.0,0.0,0.0,-0.0015309545312794937,-0.0015321276396378322,0.02746919924239785,0.07972120099754249
2023-09-18 00:00:00-04:00,94.2794793768892,94.6686528972547,94.2794793768892,94.6415023803711,12182200,0.0,0.0,0.0,0.001916465897318087,0.0019146318194748662,0.029896737675107764,0.07898851833126272
2023-09-19 00:00:00-04:00,94.41522630261267,94.5147827879477,94.28851930400691,94.32472229003906,14577800,0.0,0.0,0.0,-0.0033471583012162354,-0.0033527725669543706,0.03890874019486681,0.07670778224078527
2023-09-20 00:00:00-04:00,94.63245110316312,94.83156410284694,94.3428340777179,94.3609390258789,23735800,0.0,0.0,0.0,0.00038395804366619934,0.00038388435063930153,0.03253399466104254,0.07611510857079978
2023-09-21 00:00:00-04:00,93.59164422857123,93.60974227167499,93.33822329001683,93.41062927246094,30183800,0.0,0.0,0.0,-0.01007100780501291,-0.010122063481434839,0.07394643633932631,0.06626367900708868
2023-09-22 00:00:00-04:00,93.62782633352631,94.07130773101144,93.51017180838464,93.98079681396484,21849000,0.0,0.0,0.0,0.006103882887255052,0.0060853296536697386,0.09678196824522203,0.06979292892107161
2023-09-25 00:00:00-04:00,93.274869994515,93.54638897679285,93.03956090855638,93.06671142578125,25968600,0.0,0.0,0.0,-0.009726299618346812,-0.009773909030943261,0.1091612675574382,0.07722357925832413
2023-09-26 00:00:00-04:00,93.26582450336936,93.32917801195184,92.67753797795221,92.80424499511719,39047500,0.0,0.0,0.0,-0.002820196680887066,-0.0028241809282170452,0.10922054087300202,0.07604004425789522
2023-09-27 00:00:00-04:00,93.23865535000174,93.32011379651003,92.04398440631844,92.36980438232422,35741200,0.0,0.0,0.0,-0.004681257983574216,-0.0046922493875420305,0.10449074309671477,0.06885908635383131
2023-09-28 00:00:00-04:00,91.97159339145324,92.55082742062675,91.6819763768665,92.53272247314453,34650100,0.0,0.0,0.0,0.0017637591841808131,0.001762205587462994,0.0963369731700228,0.06998959477533866
2023-09-29 00:00:00-04:00,93.02147660023181,93.148183645405,92.11642233184267,92.33363342285156,28143000,0.0,0.0,0.0,-0.0021515529314589665,-0.0021538708468092447,0.06647757458780339,0.06890312673547627
2023-10-02 00:00:00-04:00,91.88748404596788,92.04195260630541,91.40592312735154,91.48770141601562,18787800,0.399,0.0,0.0,-0.009161688709485749,-0.009203915087318623,0.06319836808494712,0.07133361938301767
2023-10-03 00:00:00-04:00,91.19694213634509,91.3423157393964,90.30650368870103,90.43370819091797,30830200,0.0,0.0,0.0,-0.011520600132961079,-0.011587476379169334,0.08463087913468369,0.07706337625691359
2023-10-04 00:00:00-04:00,90.94251673374599,91.2696159717211,90.56090326681661,91.22418975830078,25863600,0.0,0.0,0.0,0.008741005795250611,0.008703024374168577,0.13052011035084735,0.08615938095273802
2023-10-05 00:00:00-04:00,91.351420917218,91.54222770638852,90.96980733887698,91.11518096923828,21155700,0.0,0.0,0.0,-0.001194954861767683,-0.0011956693896042411,0.12609489854499378,0.08318259390860348
2023-10-06 00:00:00-04:00,90.24292872943843,91.0425011183461,90.1066361695231,90.84261322021484,21667900,0.0,0.0,0.0,-0.0029914636191685773,-0.0029959469899204882,0.12585545962957806,0.08264341253481557
2023-10-09 00:00:00-04:00,91.29690106890502,91.99652591959001,91.14243249771043,91.96926879882812,6398600,0.0,0.0,0.0,0.012402280589200121,0.012326002342557176,0.15214126678676074,0.09739060250698085
2023-10-10 00:00:00-04:00,91.55128862110156,92.36903671268823,91.37865098728751,92.0055923461914,23168100,0.0,0.0,0.0,0.0003949530950684288,0.0003948751216246698,0.10664827305368839,0.09752296231760893
2023-10-11 00:00:00-04:00,92.55077010723427,92.62346037848633,92.16006856441179,92.56893920898438,22655800,0.0,0.0,0.0,0.006122963272420012,0.0061042941011443825,0.09990324767132894,0.10037182074434496
2023-10-12 00:00:00-04:00,92.43264056482597,92.53258100852952,91.40590969170262,91.60580444335938,27899900,0.0,0.0,0.0,-0.010404513369766666,-0.010459018716367993,0.13806318378154103,0.1056105031747642
2023-10-13 00:00:00-04:00,92.35994427583725,92.43263453208182,91.93289768555596,92.11461639404297,20716300,0.0,0.0,0.0,0.0055543636538686325,0.005538995058318152,0.13539355549168824,0.10861380257918087
2023-10-16 00:00:00-04:00,91.60582695845603,91.72394346250015,91.43318927920757,91.47862243652344,25991800,0.0,0.0,0.0,-0.006904376117671807,-0.006928321605211217,0.11744387361592817,0.10972732974417633
2023-10-17 00:00:00-04:00,90.67903328057531,91.0606467753146,90.46096248461694,90.75171661376953,24273500,0.0,0.0,0.0,-0.007946182434680926,-0.007977921590885275,0.12563364898888338,0.1118505109625114
2023-10-18 00:00:00-04:00,90.41553518545739,90.47004941773173,89.90671026643793,90.02483367919922,32144400,0.0,0.0,0.0,-0.008009577798554046,-0.008041826782739413,0.10055546107995585,0.11352758396429015
2023-10-19 00:00:00-04:00,89.87947439219376,90.16114750047315,89.2888779851827,89.29796600341797,41211800,0.0,0.0,0.0,-0.008074079629754372,-0.00810685153185705,0.09464319085245926,0.11193053169908716
2023-10-20 00:00:00-04:00,89.3706166635647,89.73406097845222,89.3706166635647,89.65228271484375,27130800,0.0,0.0,0.0,0.003967802709103463,0.0039599517404784144,0.08342136678151252,0.11006358027834516
2023-10-23 00:00:00-04:00,89.38881517848212,90.59726497704175,89.26161066622595,90.35194396972656,21103000,0.0,0.0,0.0,0.007804165534838869,0.007773870550955427,0.12272834704099386,0.11201648241465523
2023-10-24 00:00:00-04:00,90.48821589560248,90.91526252171025,90.33375428721774,90.86074829101562,24517600,0.0,0.0,0.0,0.0056313599789235,0.0056155631486617995,0.1222843298287445,0.11463741227762059
2023-10-25 00:00:00-04:00,90.35195379422142,90.40646803908,89.82495965349926,90.033935546875,20957000,0.0,0.0,0.0,-0.009099779164182586,-0.009141435053429514,0.12708207480407824,0.11753870018372327
2023-10-26 00:00:00-04:00,90.11569013478402,90.74263151420207,89.97939762637249,90.6881103515625,28046100,0.0,0.0,0.0,0.007265869260451474,0.007239600001647616,0.11097352670120385,0.12098431425607618
2023-10-27 00:00:00-04:00,90.5790913316911,90.69720782082587,90.23381601677683,90.50640106201172,21362800,0.0,0.0,0.0,-0.002003672684835589,-0.002005682722369899,0.11605955034980135,0.12096643778119306
2023-10-30 00:00:00-04:00,90.2519940880923,90.4337128342682,89.96123993493535,90.23381805419922,20961500,0.0,0.0,0.0,-0.0030117539158996953,-0.003016298373543822,0.10651893096740218,0.11735967577307568
2023-10-31 00:00:00-04:00,90.35192579047063,90.76988437980643,90.07934078640943,90.10659790039062,28805700,0.0,0.0,0.0,-0.001409894389398203,-0.0014108892256788374,0.09291301652303535,0.11022502881692432
2023-11-01 00:00:00-04:00,90.5297493060853,91.43258956133425,90.48415574099963,91.39611053466797,32111800,0.364,0.0,0.0,0.014310967946019382,0.014209532656955685,0.11952253660667798,0.11770870461297107
2023-11-02 00:00:00-04:00,92.2898599405003,92.55432777334346,92.13482923224714,92.48137664794922,31295500,0.0,0.0,0.0,0.011874313982645823,0.01180436748303074,0.13347457006451008,0.12470583982531931
2023-11-03 00:00:00-04:00,93.54835565816147,93.84018101132554,92.9099829147202,92.93734741210938,38496200,0.0,0.0,0.0,0.00493040632273356,0.0049182916732582955,0.12261866750976214,0.12470393337208703
2023-11-06 00:00:00-05:00,92.77317431316392,92.77317431316392,92.33543290321371,92.44486999511719,17827700,0.0,0.0,0.0,-0.005299025964324189,-0.005313115598676896,0.13306243571919837,0.1192681118824414
2023-11-07 00:00:00-05:00,92.7913995078152,93.38417151045421,92.72756295107948,93.18354034423828,25518200,0.0,0.0,0.0,0.007990387667375254,0.007958633559437933,0.12127508143859402,0.12236827591323488
2023-11-08 00:00:00-05:00,93.32945631642383,93.73984017487221,93.32034177741146,93.65776062011719,26997000,0.0,0.0,0.0,0.005089099149131249,0.0050761934511220465,0.10110170908004638,0.12181036991833256
2023-11-09 00:00:00-05:00,93.5301045370361,93.5301045370361,92.54519840418486,92.7093505859375,23864100,0.0,0.0,0.0,-0.010126336866268959,-0.010177956992963913,0.12381621239339549,0.12148022286810706
2023-11-10 00:00:00-05:00,93.3021268966274,93.3294844372343,92.99206549286193,93.17445373535156,18498900,0.0,0.0,0.0,0.005016787912702769,0.005004245762271316,0.12401156162437676,0.12120568395756207
2023-11-13 00:00:00-05:00,92.8643575605597,93.24737690097399,92.70020542071602,93.18354034423828,21439200,0.0,0.0,0.0,9.752253458361615e-05,9.751777957038513e-05,0.11349129983177854,0.11796085519992654
2023-11-14 00:00:00-05:00,94.67003484058426,94.88890902355445,94.53324717330747,94.6426773071289,28387800,0.0,0.0,0.0,0.01565874142042989,0.015537408305770193,0.1483422251224964,0.1239559569188534
2023-11-15 00:00:00-05:00,94.31439022550262,94.34174776395734,93.90401323335196,94.15023803710938,23895000,0.0,0.0,0.0,-0.005203141796395916,-0.005216725277010056,0.15756253548761703,0.12128260691775956
2023-11-16 00:00:00-05:00,94.63355922465814,94.97098505066444,94.5606081186995,94.92538452148438,21223000,0.0,0.0,0.0,0.00823308045243043,0.008199373527070206,0.12597841844986205,0.11655629061446254
2023-11-17 00:00:00-05:00,95.2536973125154,95.3722559158508,94.98011498612154,95.19898223876953,25810200,0.0,0.0,0.0,0.002882239757725058,0.002878094068717303,0.12661475502498432,0.11651103154465875
2023-11-20 00:00:00-05:00,95.0804220707636,95.64582966923051,95.06217907604048,95.58199310302734,18529400,0.0,0.0,0.0,0.004023266375865031,0.004015194682172322,0.1212956764095407,0.11522274159858772
2023-11-21 00:00:00-05:00,95.60024520064539,95.72791834520854,95.3448989115191,95.60935974121094,20273200,0.0,0.0,0.0,0.00028631583518134995,0.0002862748546246804,0.07878914041122596,0.11506885897990776
2023-11-22 00:00:00-05:00,95.9741504957932,96.10182365014684,95.61848857185589,95.99239349365234,18588000,0.0,0.0,0.0,0.004006236978034039,0.003998233379758231,0.045523917644119984,0.10651870073674978
2023-11-24 00:00:00-05:00,95.62759684274748,95.77350601711176,95.48168071071908,95.49992370605469,6391400,0.0,0.0,0.0,-0.005130300117271447,-0.005143505290614876,0.061267338526478705,0.10934124052668058
2023-11-27 00:00:00-05:00,95.80999406111005,96.29332911799989,95.64584187597154,96.27509307861328,17919500,0.0,0.0,0.0,0.00811696326527489,0.008084197903030436,0.07896448166532068,0.1095777562559495
2023-11-28 00:00:00-05:00,96.1109247740066,96.69457534379637,96.01973067703888,96.65809631347656,21320800,0.0,0.0,0.0,0.003978217237874171,0.003970325055963337,0.07890174794206435,0.10717542938042017
2023-11-29 00:00:00-05:00,97.15967901084531,97.49710483947416,97.03200587734551,97.4423828125,20661800,0.0,0.0,0.0,0.008114027990783867,0.008081286257982071,0.08588024931898343,0.10675937209279257
2023-11-30 00:00:00-05:00,97.22351934115275,97.25087687686688,96.7401843230986,96.93169403076172,41950900,0.0,0.0,0.0,-0.005240930763371732,-0.005254712615248875,0.10707321110040686,0.10409968290161747
2023-12-01 00:00:00-05:00,97.06441964502936,98.14454076737907,96.93627027319269,98.09877014160156,27733500,0.395,0.0,0.0,0.012040191007798517,0.011968284511260039,0.10472689482528323,0.10428946767977143
2023-12-04 00:00:00-05:00,97.76923187573068,97.89738123535865,97.43970295565408,97.65023803710938,28914300,0.0,0.0,0.0,-0.0045722500276481615,-0.004582734734145753,0.12141520399798307,0.10733462634559628
2023-12-05 00:00:00-05:00,98.08960625466868,98.55643304319061,97.9706054397147,98.42828369140625,33315200,0.0,0.0,0.0,0.007967678010177393,0.007936103668974969,0.12690141318388928,0.10485450398509927
2023-12-06 00:00:00-05:00,98.72120339303507,99.03242825426538,98.60220955458554,98.79443359375,22544300,0.0,0.0,0.0,0.003719966341094727,0.0037130643777239414,0.12088037618619975,0.1033306587328794
2023-12-07 00:00:00-05:00,98.6662839870951,99.06904310640178,98.56559420726843,98.8035888671875,20253300,0.0,0.0,0.0,9.266993194323447e-05,9.266563835034721e-05,0.10321581144703094,0.10347938597707806
2023-12-08 00:00:00-05:00,98.25437877563773,98.5198330403259,98.10792534413697,98.27268981933594,21624200,0.0,0.0,0.0,-0.005373276962289286,-0.005387764936851609,0.08924908831846412,0.0968283216814574
2023-12-11 00:00:00-05:00,98.14454945907843,98.27269884226403,97.74179026414222,98.2452392578125,17714600,0.0,0.0,0.0,-0.00027933051973949574,-0.00027936953977561853,0.07888328835875132,0.09714306412346459
2023-12-12 00:00:00-05:00,98.2360652884932,98.84020396745322,98.07130082910558,98.8035888671875,22111100,0.0,0.0,0.0,0.0056832230609138445,0.005667134476627269,0.06741610979252154,0.09720393018227273
2023-12-13 00:00:00-05:00,99.17887999778688,100.64344906927975,98.97750044102857,100.46038055419922,33623500,0.0,0.0,0.0,0.01676853751981411,0.016629497770603217,0.13408436133508478,0.09918794099623082
2023-12-14 00:00:00-05:00,101.2715658636869,101.85031751663082,101.16133279357571,101.5287857055664,28202300,0.393,0.0,0.0,0.010635089629097871,0.010578934853237238,0.13862058991962875,0.09772504854604729
2023-12-15 00:00:00-05:00,101.436883786982,101.57468208077627,101.17966404321258,101.38176727294922,17904100,0.0,0.0,0.0,-0.0014480467937786345,-0.0014490962267448262,0.12091737877276292,0.09793902923517998
2023-12-18 00:00:00-05:00,101.08780023976034,101.19804027587247,100.90406684624011,100.95919036865234,19714500,0.0,0.0,0.0,-0.004168174570869043,-0.00417688562505204,0.13635717957696306,0.10148417642700856
2023-12-19 00:00:00-05:00,101.15211164132477,101.39096156381304,101.0143133395541,101.08780670166016,18086800,0.0,0.0,0.0,0.0012739437839999201,0.0012731330061347527,0.13952808920680349,0.10157169116223538
2023-12-20 00:00:00-05:00,101.28073941299648,101.43690757852607,100.96840308193731,101.35423278808594,23942000,0.0,0.0,0.0,0.00263559073165065,0.002632123652929203,0.08881274520997487,0.10113473895938521
2023-12-21 00:00:00-05:00,101.59307927712196,101.70331934358992,101.07863965103331,101.31748962402344,24168300,0.0,0.0,0.0,-0.0003625222455121424,-0.0003625879725868858,0.04148298315288311,0.10171171360034027
2023-12-22 00:00:00-05:00,101.45529533869936,101.51041187158752,100.99597220805869,101.14295196533203,11037100,0.0,0.0,0.0,-0.0017226804507207705,-0.0017241659709847038,0.041957439236396596,0.09890272702669563
2023-12-26 00:00:00-05:00,101.17968777442698,101.41853773911072,101.13375266281757,101.35423278808594,5816000,0.0,0.0,0.0,0.0020889327298487803,0.002086753943571571,0.028584291485705432,0.09697561223472034
2023-12-27 00:00:00-05:00,101.86868070367218,102.33719224718205,101.71251252540709,102.30044555664062,13646400,0.0,0.0,0.0,0.0093357005674648,0.00929239224859412,0.06776207434990265,0.0998147721461004
2023-12-28 00:00:00-05:00,102.16265227730352,102.32800888856933,101.89624401422444,102.03404235839844,14288800,0.0,0.0,0.0,-0.0026041254932236413,-0.002607522126136232,0.07626647803011419,0.09958165953383326
2023-12-29 00:00:00-05:00,101.69412645828193,101.97891153198653,101.56551655740138,101.65738677978516,17956700,0.0,0.0,0.0,-0.003691469728213548,-0.0036983000169745974,0.08421510091352871,0.09816235322183987
2024-01-02 00:00:00-05:00,100.99596494170744,101.2072496417206,100.85816661068645,100.9684066772461,20622000,0.0,0.0,0.0,-0.00677747209882118,-0.006800543465632373,0.09955418395103238,0.09636402145126456
2024-01-03 00:00:00-05:00,100.22428481923454,100.83977600394495,100.05892824631245,100.73873138427734,35384900,0.0,0.0,0.0,-0.0022747243472200918,-0.002277315462776198,0.09767763300997666,0.09478868301143575
2024-01-04 00:00:00-05:00,100.13242487687675,100.36208640182372,100.01300340704121,100.17835998535156,43111300,0.0,0.0,0.0,-0.005562621160953407,-0.005578150152750272,0.030751710604916122,0.09485338878591115
2024-01-05 00:00:00-05:00,99.87521540584473,100.65606326957081,99.74660549928817,99.82009887695312,24385500,0.0,0.0,0.0,-0.0035762325161923236,-0.0035826425227095896,0.028284597716722145,0.09550833706809433
2024-01-08 00:00:00-05:00,99.9119575409531,100.63768884271066,99.8935806930173,100.58256530761719,29182300,0.0,0.0,0.0,0.007638405884609956,0.0076093809713928436,0.09081629489004596,0.09874713143341239
2024-01-09 00:00:00-05:00,100.42639741909127,100.85816223348529,100.38046230783976,100.75711059570312,55126300,0.0,0.0,0.0,0.0017353433724036638,0.0017338394037768677,0.08303105337873214,0.09593080417493836
2024-01-10 00:00:00-05:00,101.09701339931736,101.198065038302,100.5641969408009,100.62850189208984,32323500,0.0,0.0,0.0,-0.0012764231015847116,-0.001277238423422776,0.08191198154162181,0.09620877567534272
2024-01-11 00:00:00-05:00,100.80302925210376,101.36339686735822,100.49068596575033,101.23478698730469,50960900,0.0,0.0,0.0,0.006024983814873819,0.006006906175206367,0.07522902147220796,0.0964266241344909
2024-01-12 00:00:00-05:00,101.55633575691506,101.83192539959286,101.17049904322377,101.45528411865234,30479000,0.0,0.0,0.0,0.0021780767057406614,0.00217570813533444,0.05662208199545662,0.07725216474619048
2024-01-16 00:00:00-05:00,100.9132805806659,101.04189048403374,100.2242959517464,100.42639923095703,27124600,0.0,0.0,0.0,-0.010141264662883676,-0.010193037613583679,0.09659110180805831,0.07631100692724958
2024-01-17 00:00:00-05:00,100.19674856660501,100.36210517584745,99.85684692296365,100.21511840820312,34414000,0.0,0.0,0.0,-0.0021038374807007543,-0.0021060536556335076,0.09534220429470264,0.0764504819531748
2024-01-18 00:00:00-05:00,100.37126863185782,100.43557357452649,99.91194561030639,100.02217864990234,28325100,0.0,0.0,0.0,-0.0019252560029404675,-0.0019271116904437547,0.09554446523499033,0.07545752082491837
2024-01-19 00:00:00-05:00,99.98543929156082,100.15079587178106,99.62716786920261,100.12323760986328,25621500,0.0,0.0,0.0,0.0010103655141793233,0.001009855438489547,0.07638853469783305,0.07538316642021017
2024-01-22 00:00:00-05:00,100.58256829043303,100.65606166692784,100.2794203776417,100.39884185791016,17679900,0.0,0.0,0.0,0.002752650180178895,0.0027488685767031386,0.07854006332406158,0.07544821610127386
2024-01-23 00:00:00-05:00,100.16917802530932,100.16917802530932,99.82927642331886,100.03137969970703,25439500,0.0,0.0,0.0,-0.0036600238748090153,-0.003666738150136374,0.04127645582781841,0.0762933566963194
2024-01-24 00:00:00-05:00,100.49068538982353,100.54580190704121,99.75576578626148,99.83844757080078,26828300,0.0,0.0,0.0,-0.001928716063753444,-0.0019305784316185598,0.040941369874760235,0.07633607442910663
2024-01-25 00:00:00-05:00,100.37127566473316,100.5366322444265,100.17836082320986,100.49988555908203,39484000,0.0,0.0,0.0,0.0066250828651175375,0.006603233453317729,0.06399149602222741,0.08009102915648879
2024-01-26 00:00:00-05:00,100.53665021024636,100.54583162668801,100.18756014144853,100.21511840820312,26642300,0.0,0.0,0.0,-0.0028335072154037633,-0.0028375291963116077,0.06939116679915965,0.07165333660009614
2024-01-29 00:00:00-05:00,100.61931346798741,100.84897500954996,100.42639861412056,100.62850189208984,27060700,0.0,0.0,0.0,0.004124961287805817,0.004116476958676416,0.07316399671945804,0.07363349004864721
2024-01-30 00:00:00-05:00,100.88572251401075,100.96840431417395,100.44476926680656,100.95002746582031,30459200,0.0,0.0,0.0,0.0031951740082074576,0.003190080287068905,0.06448226039714558,0.07395872472735639
2024-01-31 00:00:00-05:00,101.38177459959205,101.63899436195017,100.93164001546535,101.20722961425781,44733000,0.0,0.0,0.0,0.00254781652758429,0.002544576345481257,0.05517376961363715,0.07051867877341593
2024-02-01 00:00:00-05:00,101.87931317566623,102.24807509710321,101.50133027196745,101.98993682861328,42478500,0.389,0.0,0.0,0.007733708523972815,0.007703956696394242,0.060414523365995836,0.07481475583242085
2024-02-02 00:00:00-05:00,100.92055126859137,101.14180564371532,100.69007590971856,101.058837890625,39604900,0.0,0.0,0.0,-0.009129321646241695,-0.00917124927875029,0.10118503595310172,0.07964442225638693
2024-02-05 00:00:00-05:00,100.34895154198418,100.35817252405104,99.8603449956679,100.0908203125,39266800,0.0,0.0,0.0,-0.00957875232221328,-0.009624923649271023,0.12452494254953989,0.0862451568490832
2024-02-06 00:00:00-05:00,100.25676514790844,100.81912549670933,100.22910923461473,100.65318298339844,26095200,0.0,0.0,0.0,0.005618523947976906,0.005602798915784175,0.13075754097914108,0.08419249911740201
2024-02-07 00:00:00-05:00,100.41348901293168,100.77302996120427,100.26598846075387,100.3581771850586,23574200,0.0,0.0,0.0,-0.0029309137535025176,-0.0029352172921418324,0.12831161085102524,0.08458091420315669
2024-02-08 00:00:00-05:00,100.06318094605837,100.1000578468752,99.74051685584816,99.84192657470703,26063900,0.0,0.0,0.0,-0.005144081178353854,-0.005157357513205851,0.09789857237143863,0.08633888450589784
2024-02-09 00:00:00-05:00,99.58377219982665,99.7865916048168,99.56533726916778,99.71284484863281,19029200,0.0,0.0,0.0,-0.0012928609302990113,-0.0012936973960251908,0.08856924761413221,0.08298303153551276
2024-02-12 00:00:00-05:00,99.76815903528747,99.8142498797997,99.43627400718525,99.72206115722656,30378900,0.0,0.0,0.0,9.242849913415618e-05,9.242422788361825e-05,0.06429914584575444,0.08233665032293912
2024-02-13 00:00:00-05:00,98.82781236924642,99.00297585957806,98.52359029860256,98.625,41494100,0.0,0.0,0.0,-0.011001188147293561,-0.0110621487224252,0.06898098040984918,0.08366969179801007
2024-02-14 00:00:00-05:00,98.73563337302123,99.12283025273308,98.71719844074647,99.0859603881836,41932200,0.0,0.0,0.0,0.004673869588680324,0.004662980975006136,0.09354441356491215,0.08579885766406926
2024-02-15 00:00:00-05:00,99.63909403413606,99.6575289653454,99.21502028083403,99.44549560546875,33255200,0.0,0.0,0.0,0.0036285182671351723,0.0036219510760486058,0.09871486217248586,0.08687835058739386
2024-02-16 00:00:00-05:00,98.97532969388772,99.18736306601839,98.86469899959184,99.0859603881836,26189800,0.0,0.0,0.0,-0.0036153997231965773,-0.003621951076048625,0.10082965577091862,0.08752006419161579
2024-02-20 00:00:00-05:00,99.41783142089844,99.5192411251594,99.21501904592517,99.41783142089844,22386600,0.0,0.0,0.0,0.0033493244796203303,0.0033437279852209316,0.10606509832315018,0.08783977239850693
2024-02-21 00:00:00-05:00,99.4915864721663,99.4915864721663,99.03063582279539,99.1689224243164,23606200,0.0,0.0,0.0,-0.0025036655198024116,-0.0025068049314391147,0.061197512411390015,0.08737857626325313
2024-02-22 00:00:00-05:00,99.31642386912002,99.50080130405188,99.19657220622085,99.32563781738281,28705900,0.0,0.0,0.0,0.0015802873444148435,0.00157904000430034,0.053263099745081706,0.08746189874027195
2024-02-23 00:00:00-05:00,99.37174099133262,99.76815882776633,99.31642916461352,99.62065124511719,29856300,0.0,0.0,0.0,0.0029701639397148316,0.002965761717527368,0.05097325647092183,0.08456966853419008
2024-02-26 00:00:00-05:00,99.64830416611835,99.64830416611835,99.08595086641436,99.30720520019531,26696200,0.0,0.0,0.0,-0.0031463962642709342,-0.003151356576468061,0.04873051456255513,0.0846950193003634
2024-02-27 00:00:00-05:00,99.24267621626745,99.41783268021526,99.11361059712749,99.1689224243164,33453800,0.0,0.0,0.0,-0.0013924747514557634,-0.0013934451453597677,0.04213793890637294,0.08299697655410053
2024-02-28 00:00:00-05:00,99.0490824561307,99.22423892833433,99.01220555841702,99.15970611572266,32713500,0.0,0.0,0.0,-9.293545163591155e-05,-9.293977040257669e-05,0.0382022683345829,0.08175253404130677
2024-02-29 00:00:00-05:00,99.3071962805393,99.70361406946313,99.12281182432599,99.25188446044922,45656400,0.0,0.0,0.0,0.0009295947753111822,0.0009291629696701646,0.03674037634806975,0.0810509686942588
2024-03-01 00:00:00-05:00,99.04185905999327,99.95788323837996,98.77352731898745,99.8561019897461,42971500,0.393,0.0,0.0,0.0060877184607779355,0.0060692631653028895,0.05535275315516807,0.07889042246682892
2024-03-04 00:00:00-05:00,99.58777224787384,99.80984428170642,99.51375529591458,99.67105102539062,31472000,0.0,0.0,0.0,-0.0018531763274163282,-0.001854895583050817,0.050574536476142594,0.07300957871698532
2024-03-05 00:00:00-05:00,100.1984622480585,100.48529647475665,100.05966898828513,100.21696472167969,33394200,0.0,0.0,0.0,0.005477154004827289,0.005462208942932781,0.0556248154741414,0.06806639940780546
2024-03-06 00:00:00-05:00,100.4390231904873,100.81838385267189,100.41125889482917,100.48528289794922,33176900,0.0,0.0,0.0,0.002677372808233658,0.0026737950302640387,0.05207764439318812,0.06564510438117949
2024-03-07 00:00:00-05:00,100.84614399983685,100.88315600246518,100.48528579835771,100.73511505126953,22875700,0.0,0.0,0.0,0.002486256157272715,0.0024831705358049298,0.04994073877887537,0.06533525800398049
2024-03-08 00:00:00-05:00,100.93867060704127,101.13298538592026,100.78137489015609,100.8739013671875,29591100,0.0,0.0,0.0,0.0013777352202093418,0.001376787013859111,0.042010943043221984,0.06229666749076822
2024-03-11 00:00:00-04:00,100.89241790771484,101.12373764602326,100.73512217990148,100.89241790771484,25360200,0.0,0.0,0.0,0.0001835612609046855,0.00018354441559783203,0.03125173295450654,0.06194576887723673
2024-03-12 00:00:00-04:00,100.73512349417462,100.81839521257935,100.47603945406169,100.56857299804688,30852100,0.0,0.0,0.0,-0.003209804228938018,-0.003214966700507421,0.03815935160100392,0.0633935298193273
2024-03-13 00:00:00-04:00,100.59632009354581,100.79988257487706,100.42976961421276,100.46678161621094,31089900,0.0,0.0,0.0,-0.0010121589558391708,-0.0010126715346184373,0.0349910883622725,0.04740193826731759
2024-03-14 00:00:00-04:00,100.16144472900713,100.16144472900713,99.6525384909524,99.7265625,48815400,0.0,0.0,0.0,-0.007367799627926996,-0.007395075923711673,0.05466319533849916,0.05364722017406842
2024-03-15 00:00:00-04:00,99.77283539975723,99.89311912736036,99.58777536576956,99.75432586669922,34525600,0.0,0.0,0.0,0.0002783949030551458,0.0002783561583848346,0.05079678969568576,0.05221212176305192
2024-03-18 00:00:00-04:00,99.80984822669201,99.85610794108018,99.56927371019046,99.58777618408203,18279900,0.0,0.0,0.0,-0.0016695985980572647,-0.0016709939311102683,0.046806751092083376,0.050783209355540974
2024-03-19 00:00:00-04:00,99.754320120886,100.09667586955477,99.69880564354655,99.8746109008789,22721000,0.0,0.0,0.0,0.002880220121259436,0.002876080234570916,0.05991057539422377,0.05043048044351819
2024-03-20 00:00:00-04:00,99.91160567263509,100.2354518334545,99.49522598645281,100.05964660644531,41915400,0.0,0.0,0.0,0.001852680114569294,0.0018509660195524633,0.06430435963903511,0.04965875323815895
2024-03-21 00:00:00-04:00,100.36500598891487,100.43902999705138,100.05040748399372,100.20771026611328,26546700,0.0,0.0,0.0,0.0014797539736506327,0.0014786602166006436,0.027648031079136194,0.049629726973116545
2024-03-22 00:00:00-04:00,100.75361894519007,100.78137618272372,100.50379674806936,100.55005645751953,20877600,0.0,0.0,0.0,0.0034163657716268503,0.003410543251554359,0.031456369974409364,0.04995482979301244
2024-03-25 00:00:00-04:00,100.54081124340958,100.54081124340958,100.15218873035192,100.20771026611328,23291000,0.0,0.0,0.0,-0.0034047339550812294,-0.0034105432515543735,0.043061474904862077,0.050210578203842844
2024-03-26 00:00:00-04:00,100.38350939402191,100.38350939402191,100.05040841363054,100.17994689941406,27266700,0.0,0.0,0.0,-0.0002770581886911705,-0.00027709657640171434,0.041305242052354516,0.04982047702054077
2024-03-27 00:00:00-04:00,100.31873544568127,100.8739013671875,100.25396620582751,100.8739013671875,30600500,0.0,0.0,0.0,0.006927079612751186,0.006903197621642474,0.06161381550514493,0.05468429171115205
2024-03-28 00:00:00-04:00,100.75361483391148,101.03120131655663,100.67034312470844,100.7813720703125,23066200,0.0,0.0,0.0,-0.0009172768736106507,-0.0009176978294838262,0.06427058073943329,0.05504621631350692
2024-04-01 00:00:00-04:00,100.32719479801223,100.33648461750099,99.73277389974062,99.81636810302734,20817100,0.411,0.0,0.0,-0.009575221565865322,-0.009621358751947941,0.09447508272640018,0.06254656023583285
2024-04-02 00:00:00-04:00,99.31482755027754,99.71420476932944,99.08263165748124,99.66776275634766,32433900,0.0,0.0,0.0,-0.0014887873552592579,-0.0014898967003431816,0.09294367437129727,0.06241757406412836
2024-04-03 00:00:00-04:00,99.30555604412324,99.89997707241874,99.14766450855734,99.73279571533203,25198700,0.0,0.0,0.0,0.0006524974293178332,0.0006522846454257972,0.09367235217497927,0.059067841151237005
2024-04-04 00:00:00-04:00,100.1042889095518,100.1042889095518,99.64918695858321,99.84423065185547,31423800,0.0,0.0,0.0,0.0011173349320467985,0.0011167111779565322,0.0689957807506276,0.058302083647636144
2024-04-05 00:00:00-04:00,99.45414159565107,99.73277240162395,99.36126466032677,99.40769958496094,25134900,0.0,0.0,0.0,-0.004372121093472736,-0.004381706764915094,0.06980157153576526,0.059012250811780145
2024-04-08 00:00:00-04:00,99.314827491766,99.58417557757778,99.2498129252636,99.3984146118164,37054400,0.0,0.0,0.0,-9.340295755055905e-05,-9.340731987843698e-05,0.03506153073886203,0.058569049813352966
2024-04-09 00:00:00-04:00,99.79779939354205,99.96498073236853,99.74207464261883,99.90925598144531,21967300,0.0,0.0,0.0,0.005139331161607696,0.005126169873432557,0.05384290905427703,0.06212794036433632
2024-04-10 00:00:00-04:00,99.13835058328841,99.13835058328841,98.33959619208362,98.48820495605469,45351600,0.0,0.0,0.0,-0.01422341715420783,-0.014325539460649926,0.11724015438785741,0.07864555609314404
2024-04-11 00:00:00-04:00,98.73898412968829,98.82257834003036,98.08883843172399,98.28388214111328,38047900,0.0,0.0,0.0,-0.002074591724283925,-0.0020767466706335686,0.11317847305277541,0.0787322138265759
2024-04-12 00:00:00-04:00,98.72038293150688,98.75753511576181,98.46960745929975,98.50675964355469,35119700,0.0,0.0,0.0,0.002267691279445039,0.0022651239481195997,0.11827029023398564,0.07591437972670571
2024-04-15 00:00:00-04:00,97.97737368746778,97.97737368746778,97.29007585170417,97.42010498046875,27018500,0.0,0.0,0.0,-0.011031270006423788,-0.011092565661526705,0.13292811194968146,0.08431990114365655
2024-04-16 00:00:00-04:00,97.02075022538924,97.20651122807826,96.7606919076823,97.09505462646484,34191600,0.0,0.0,0.0,-0.0033365839019479093,-0.003342162710914654,0.10745600572151728,0.08465791727538151
2024-04-17 00:00:00-04:00,97.5594284867794,97.78233456278213,97.34580514465351,97.62444305419922,26726300,0.0,0.0,0.0,0.005452269734756099,0.0054374599191443825,0.09938347260297477,0.0867889385479825
2024-04-18 00:00:00-04:00,97.68946349772433,97.71732587314357,97.27151369432212,97.42940521240234,25997900,0.0,0.0,0.0,-0.0019978382021457186,-0.0019998365429046232,0.09936890464307141,0.0861106673341632
2024-04-19 00:00:00-04:00,97.77304142679863,97.79162106603495,97.43868586716268,97.53156280517578,20265600,0.0,0.0,0.0,0.0010485293690414288,0.0010479800460765324,0.09661842341580373,0.08593834161740024
2024-04-22 00:00:00-04:00,97.49439474400754,97.81017769906468,97.44795273953207,97.77302551269531,26642400,0.0,0.0,0.0,0.002475739140998634,0.0024726795476477078,0.055802390036667135,0.08531063769405517
2024-04-23 00:00:00-04:00,97.68016543048137,98.3303181749533,97.5408464790905,97.94022369384766,26338800,0.0,0.0,0.0,0.0017100645119203506,0.0017086040163935402,0.042575577783350825,0.08563635244040523
2024-04-24 00:00:00-04:00,97.72662196208869,97.7823467165015,97.28080266861434,97.55944061279297,24538400,0.0,0.0,0.0,-0.003887913123876263,-0.003895490705134071,0.04287246971447771,0.08611727043645782
2024-04-25 00:00:00-04:00,96.87213004111356,97.31794219045999,96.72352126729385,97.2715072631836,29826400,0.0,0.0,0.0,-0.0029513632694160297,-0.0029557271303310233,0.045915668512095734,0.08054316311894134
2024-04-26 00:00:00-04:00,97.64301300048828,97.81948414422506,97.57799843480466,97.64301300048828,11784100,0.0,0.0,0.0,0.0038192657619617876,0.0038119908837270333,0.05452783393672957,0.08295378473009854
2024-04-29 00:00:00-04:00,97.92166000449565,98.14456609526506,97.80092068159072,98.05168914794922,18052100,0.0,0.0,0.0,0.004185411069391076,0.004176676599564157,0.06003079602204491,0.07965067504702224
2024-04-30 00:00:00-04:00,97.6523194630778,97.89380521365467,97.42941335503777,97.51300048828125,26008100,0.0,0.0,0.0,-0.005493925340288142,-0.0055090724516504855,0.07203549270571687,0.08130857522373272
2024-05-01 00:00:00-04:00,97.79737642915306,98.42213625930096,97.58291247670952,97.9186019897461,30342900,0.415,0.0,0.0,0.004159460784037616,0.004150834140215076,0.07340709728694939,0.08322975043636838
2024-05-02 00:00:00-04:00,97.99321244419704,98.58067275891463,97.84402102950098,98.52472686767578,28044200,0.0,0.0,0.0,0.00619008917215913,0.006171009267238912,0.07310401318205621,0.08673792837106199
2024-05-03 00:00:00-04:00,99.24272514286221,99.57841471837605,98.84176298956386,99.21475219726562,24166800,0.0,0.0,0.0,0.007003575158514019,0.006979164036492353,0.07972233997947153,0.08961606871705409
2024-05-06 00:00:00-04:00,99.32662393507977,99.50379537367401,99.26135137046758,99.49446868896484,18519800,0.0,0.0,0.0,0.0028193034352701485,0.0028153366532990814,0.07925672140938707,0.09020560418544334
2024-05-07 00:00:00-04:00,99.77422452475484,99.92342304165281,99.44786166176156,99.54110717773438,28680400,0.0,0.0,0.0,0.00046875458891415533,0.0004686447578030591,0.04171772450323693,0.08822173103279801
2024-05-08 00:00:00-04:00,99.30799104534954,99.44786287810795,99.22407221420066,99.28934478759766,19916700,0.0,0.0,0.0,-0.0025292303579382835,-0.002532434264458638,0.06299903564446208,0.0717405183613158
2024-05-09 00:00:00-04:00,99.21473576145546,99.55974485222937,99.11216356847504,99.4478530883789,25583500,0.0,0.0,0.0,0.0015964281073697073,0.0015951551706066464,0.05535989289118119,0.0712326040876816
2024-05-10 00:00:00-04:00,99.25204680504567,99.32663895146803,99.01892945130527,99.13082122802734,16291500,0.0,0.0,0.0,-0.0031879206087015444,-0.0031930128529321115,0.04134841819712637,0.07216324918025234
2024-05-13 00:00:00-04:00,99.36392377335913,99.44784970757009,99.14013313908991,99.16810607910156,20464200,0.0,0.0,0.0,0.00037611764547418325,0.00037604693096332596,0.03303593654854773,0.05840032260685116
2024-05-14 00:00:00-04:00,99.42921903610467,99.56909088226928,99.30800056365672,99.45719909667969,25440400,0.0,0.0,0.0,0.0029151813925691883,0.0029109404912919224,0.04170691613243996,0.05657866435789808
2024-05-15 00:00:00-04:00,100.24046063364315,100.50155092772293,100.00734328333235,100.34303283691406,33780900,0.0,0.0,0.0,0.008906682957894985,0.008867252414515034,0.0701810560873765,0.06115848489037688
2024-05-16 00:00:00-04:00,100.48289918488632,100.50154544165548,100.137882964156,100.18450927734375,23586600,0.0,0.0,0.0,-0.001579816307007209,-0.0015810655326605504,0.07512588722717033,0.06086946649688449
2024-05-17 00:00:00-04:00,100.0073313789253,100.19382239130414,99.92341255760766,99.95138549804688,21862800,0.0,0.0,0.0,-0.002326944364737127,-0.002329655906997426,0.07193200379551762,0.062292241385692726
2024-05-20 00:00:00-04:00,99.8768045812814,99.98870347775505,99.83017826253969,99.90477752685547,17885200,0.0,0.0,0.0,-0.00046630640445011196,-0.00046641515909149884,0.0731168437300474,0.062389373107432075
2024-05-21 00:00:00-04:00,100.18452310513229,100.22182273799538,100.01667831433708,100.07262420654297,17411900,0.0,0.0,0.0,0.0016800665978400353,0.0016786568646962917,0.0721188459631054,0.062385486299619854
2024-05-22 00:00:00-04:00,99.78354431631176,100.07260753010843,99.77421763110583,99.92341613769531,26735600,0.0,0.0,0.0,-0.0014909978631089116,-0.0014921105065263066,0.024685320752214617,0.06040003163165981
2024-05-23 00:00:00-04:00,100.05396772085157,100.08194066409546,99.3732619404844,99.48516082763672,24876100,0.0,0.0,0.0,-0.004385912001393932,-0.004395558329065131,0.03562204839416171,0.06190513155266588
2024-05-24 00:00:00-04:00,99.50382920207561,99.7649195492875,99.4199103536911,99.75559997558594,11189500,0.0,0.0,0.0,0.002718386799592798,0.002714698668529315,0.044287153172507254,0.0613927487702603
2024-05-28 00:00:00-04:00,99.89544993934886,99.89544993934886,99.09352564063016,99.15879821777344,15989600,0.0,0.0,0.0,-0.005982639149667346,-0.006000606833887763,0.05957168494718651,0.06506626491190715
2024-05-29 00:00:00-04:00,98.80445264410257,98.81377932968262,98.42214390544027,98.62728118896484,30015700,0.0,0.0,0.0,-0.005360260898294333,-0.005374678641734423,0.05685813455998995,0.06490258274536376
2024-05-30 00:00:00-04:00,99.02824640397162,99.26136375154611,98.96297383121784,99.23339080810547,21036300,0.0,0.0,0.0,0.006145456022247586,0.006126649716938814,0.08676376637782376,0.06671440684593509
2024-05-31 00:00:00-04:00,99.62501980599181,99.79286456996493,99.46650172728843,99.67164611816406,19901400,0.0,0.0,0.0,0.004416409703323243,0.004406685984760974,0.08995210858031455,0.06504609162132875
2024-06-03 00:00:00-04:00,99.97582641917475,100.37831342276131,99.92902992275874,100.3595962524414,20154900,0.405,0.0,0.0,0.006902164869051708,0.0068784539709391985,0.10100663337246694,0.0649142686055541
2024-06-04 00:00:00-04:00,100.64042972889482,100.90252018813374,100.48130873456874,100.75275421142578,24545200,0.0,0.0,0.0,0.003917492433861858,0.0039098390419354916,0.07843603818061977,0.06553045233380561
2024-06-05 00:00:00-04:00,100.92122329121426,101.11778575230683,100.55617770043749,101.08970642089844,26584700,0.0,0.0,0.0,0.0033443473789864786,0.003338767486562208,0.024034100780230726,0.06622403418866757
2024-06-06 00:00:00-04:00,100.9306002739321,101.11780060497415,100.89315877947672,101.02420043945312,22687100,0.0,0.0,0.0,-0.0006479985328334825,-0.0006482085746255099,0.04331556287048284,0.06530738926078655
2024-06-07 00:00:00-04:00,100.18177753919348,100.34089852338099,100.0320187132624,100.11625671386719,26228700,0.0,0.0,0.0,-0.008987388384529615,-0.009028018582297997,0.09761940247783661,0.07398506275140514
2024-06-10 00:00:00-04:00,99.91968625418806,100.00392424806215,99.82608610280562,99.91032409667969,19415700,0.0,0.0,0.0,-0.0020569348470155235,-0.0020590532429313616,0.0824976674581617,0.07337510888832746
2024-06-11 00:00:00-04:00,99.96649597815308,100.40641743051988,99.90097515407851,100.34089660644531,19042600,0.0,0.0,0.0,0.004309589761203991,0.004300330073354023,0.08396982442913033,0.07467376296206493
2024-06-12 00:00:00-04:00,101.35179651844774,101.61387981753009,100.9212300783504,100.95867156982422,27209400,0.0,0.0,0.0,0.006156761442963177,0.0061378860219208275,0.09445055628195433,0.07686203272815087
2024-06-13 00:00:00-04:00,101.41731846908262,101.6045259285299,101.14587300880984,101.43604278564453,26782700,0.0,0.0,0.0,0.0047283824994681645,0.00471723881287266,0.10052300251878062,0.07228330221390096
2024-06-14 00:00:00-04:00,101.49219959756886,101.63260340427912,101.3237164577634,101.52027893066406,28561900,0.0,0.0,0.0,0.000830436033447679,0.0008300914122222464,0.053087214522513,0.07184563227369666
2024-06-17 00:00:00-04:00,100.9212282257133,101.09907352164058,100.83699022736936,101.04290771484375,24678700,0.0,0.0,0.0,-0.0047022252189273805,-0.004713315459461972,0.06919292088209884,0.07363322857652521
2024-06-18 00:00:00-04:00,101.25821935346613,101.60454787231525,101.22077785349035,101.51094055175781,25576600,0.0,0.0,0.0,0.0046320206682384235,0.004621325873459999,0.06982822334857473,0.07490963117227945
2024-06-20 00:00:00-04:00,100.9399462318952,101.19267451147707,100.88378756587001,101.1739501953125,21206300,0.0,0.0,0.0,-0.0033197442030742375,-0.003325266779609378,0.0695104372633471,0.07622871685331281
2024-06-21 00:00:00-04:00,101.26756245329295,101.41732128377274,100.95867549255802,101.20204162597656,21091200,0.0,0.0,0.0,0.00027765477783403547,0.0002776162388797266,0.05849523524534368,0.07585567910313917
2024-06-24 00:00:00-04:00,101.30500030517578,101.4828384636516,101.24883449718428,101.30500030517578,18597600,0.0,0.0,0.0,0.001017357728609225,0.0010168405709617434,0.05876870402960543,0.07348885880778029
2024-06-25 00:00:00-04:00,101.23012137312968,101.36116302829679,101.10843473530694,101.26756286621094,16251600,0.0,0.0,0.0,-0.0003695517383354163,-0.0003696200394067744,0.04540463142516626,0.07330211751438181
2024-06-26 00:00:00-04:00,100.62171660386716,100.80891694105472,100.51875427604345,100.71531677246094,26381300,0.0,0.0,0.0,-0.0054533364694437925,-0.0054682601895413244,0.04324982647430335,0.07267753945761611
2024-06-27 00:00:00-04:00,101.02420498158041,101.0710086370627,100.88380115636878,100.91188049316406,19939400,0.0,0.0,0.0,0.0019516765374150147,0.0019497744911456379,0.045919080208874266,0.06901425491215803
2024-06-28 00:00:00-04:00,101.16460379703724,101.19268313244203,100.23794288127054,100.26602935791016,27395800,0.0,0.0,0.0,-0.006400149636470731,-0.006420718403246806,0.060736385793391974,0.07131071719782459
2024-07-01 00:00:00-04:00,99.88652439113798,100.22467758828918,99.61412997279953,99.67048645019531,22429100,0.376,0.0,0.0,-0.005939627923122304,-0.005957337674096487,0.06011721888791234,0.07326788268744457
2024-07-02 00:00:00-04:00,100.17771613564732,100.33739759901843,99.9522830599241,100.30921936035156,19845700,0.0,0.0,0.0,0.006408445798801399,0.006387999018254694,0.09155784158837364,0.07267038242577493
2024-07-03 00:00:00-04:00,100.64738755013454,101.0512924194336,100.5440625487053,101.0512924194336,14318900,0.0,0.0,0.0,0.007397854990937702,0.007370625074553114,0.10455197053111974,0.07613588254992665
2024-07-05 00:00:00-04:00,101.43639503193056,101.63364987506691,101.16399343910747,101.5772933959961,18800300,0.0,0.0,0.0,0.005205286978213319,0.00519178630161522,0.10947367633353762,0.07744388096139836
2024-07-08 00:00:00-04:00,101.6524434991118,101.73697822050676,101.4270104090032,101.56790161132812,18136600,0.0,0.0,0.0,-9.24594892616204e-05,-9.246376390368717e-05,0.08855844708620376,0.07738334259828623
2024-07-09 00:00:00-04:00,101.39882613484205,101.55851477657534,101.15460993715831,101.38004302978516,20384700,0.0,0.0,0.0,-0.00184958612477637,-0.001851298721248441,0.065474942329155,0.06982479539998228
2024-07-10 00:00:00-04:00,101.50215993169805,101.64305831420545,101.3518735790424,101.62427520751953,17263200,0.0,0.0,0.0,0.00240907549883973,0.002406178328528596,0.05986739477922288,0.06933771416613074
2024-07-11 00:00:00-04:00,102.25360163992531,102.40388797559925,102.08452503329924,102.16905975341797,31411700,0.0,0.0,0.0,0.0053607717721575465,0.005346453981970698,0.0506495322170177,0.07012726069680815
2024-07-12 00:00:00-04:00,102.22542921482649,102.54479217529297,102.13149935388864,102.54479217529297,20301300,0.0,0.0,0.0,0.003677555835218893,0.0036708101600977637,0.04588878523475323,0.06819377053827283
2024-07-15 00:00:00-04:00,102.19725393744315,102.347540286025,101.96242569509276,101.98120880126953,18291500,0.0,0.0,0.0,-0.005495972658075443,-0.005511131081503841,0.07024698185279397,0.06999290473332395
2024-07-16 00:00:00-04:00,102.22544154406064,102.59177306237318,102.14089964254782,102.57298278808594,20090700,0.0,0.0,0.0,0.005802774783436826,0.005786003534420236,0.07288092635395321,0.07268763227804262
2024-07-17 00:00:00-04:00,102.29118360604001,102.66691022636198,102.23481995483873,102.61994171142578,21313500,0.0,0.0,0.0,0.00045780986438570537,0.0004577051014228666,0.07408918131833399,0.07002407867815334
2024-07-18 00:00:00-04:00,102.37570637828286,102.61053459276324,102.14087816380247,102.17845153808594,28091700,0.0,0.0,0.0,-0.004302186943170749,-0.004311467978148086,0.07781618786089861,0.07069038410744531
2024-07-19 00:00:00-04:00,101.98119848498234,101.99059362031494,101.73697513105428,101.80272674560547,16576600,0.0,0.0,0.0,-0.00367714314343881,-0.00368392045348129,0.07348168197395409,0.07094652397025883
2024-07-22 00:00:00-04:00,102.12211795707624,102.15969133978419,101.63367114826286,101.74639129638672,22556800,0.0,0.0,0.0,-0.0005533785883704567,-0.0005535317588115918,0.06408353102319024,0.07101428972169903
2024-07-23 00:00:00-04:00,101.87788413141955,101.98120913169964,101.67123413085938,101.67123413085938,24425700,0.0,0.0,0.0,-0.000738671559450288,-0.0007389445117096496,0.03325685061854907,0.07104528162788197
2024-07-24 00:00:00-04:00,101.79335053588484,101.88728040089615,101.0512924194336,101.0512924194336,28026100,0.0,0.0,0.0,-0.006097513389361042,-0.006116179139248345,0.037917441738443504,0.07447043297412691
2024-07-25 00:00:00-04:00,101.24854257267918,101.70880390628166,101.22975230071803,101.45519256591797,29760400,0.0,0.0,0.0,0.003996981501314334,0.003989014792223517,0.06020425319784743,0.072994891091378
2024-07-26 00:00:00-04:00,102.01876068115234,102.06572918628024,101.77453735398521,102.01876068115234,21119900,0.0,0.0,0.0,0.005554847425558895,0.005539476157691172,0.07271523007361647,0.07511612267332604
2024-07-29 00:00:00-04:00,102.31936703216775,102.3569404127424,102.02818229070104,102.23482513427734,24734600,0.0,0.0,0.0,0.00211788941251978,0.0021156498462829103,0.07290632069126235,0.07060339518419631
2024-07-30 00:00:00-04:00,102.30995606100207,102.37570767523403,102.09391811412073,102.31935119628906,14952000,0.0,0.0,0.0,0.0008267834556443532,0.000826441858474715,0.07143152678943332,0.06572174871699595
2024-07-31 00:00:00-04:00,102.75143608293608,102.93929579368431,102.46963935042511,102.91111755371094,29226900,0.0,0.0,0.0,0.005783523356072129,0.0057668629910758214,0.034248580228258954,0.06511471337643929
2024-08-01 00:00:00-04:00,103.28065216447177,103.54460303317795,103.17695615289124,103.25237274169922,34564600,0.392,0.0,0.0,0.0033160186780614165,0.003310532812268413,0.03416255289462603,0.06155030046849037
2024-08-02 00:00:00-04:00,103.79914852926758,104.345908095839,103.79914852926758,104.26106262207031,46697900,0.0,0.0,0.0,0.00976916901362146,0.009721759201590442,0.056060880367188586,0.06745135110693538
2024-08-05 00:00:00-04:00,104.22334341625006,104.31761775326699,103.70487052326763,103.99710083007812,56991100,0.0,0.0,0.0,-0.002531738938332251,-0.002534949208880858,0.0744817958775937,0.06867034706145243
2024-08-06 00:00:00-04:00,103.88396172972155,103.92167002094544,103.29950119605411,103.31835174560547,47432500,0.0,0.0,0.0,-0.006526615444613859,-0.006548006925976108,0.1033793662176044,0.07327010582809386
2024-08-07 00:00:00-04:00,103.26182239885682,103.47863614516992,102.69621225318907,102.84703826904297,46819000,0.0,0.0,0.0,-0.0045617595383536935,-0.004572196114926808,0.10535683620932813,0.07558017323012026
2024-08-08 00:00:00-04:00,102.79046901709563,102.96015276284847,102.6019275261911,102.8941650390625,23536800,0.0,0.0,0.0,0.0004582219460345094,0.00045811699441812754,0.10138597741845491,0.0734659531263282
2024-08-09 00:00:00-04:00,103.59175712073241,103.62003654812436,103.32780620891035,103.42207336425781,23199700,0.0,0.0,0.0,0.005130595354895906,0.005117478695599555,0.07250701767943851,0.07450887527919185
2024-08-12 00:00:00-04:00,103.37492699866408,103.751995560292,103.27123098657987,103.63887786865234,24281800,0.0,0.0,0.0,0.00209630785133208,0.0020941136639546967,0.07613867257380616,0.07129588200894779
2024-08-13 00:00:00-04:00,104.12906702697987,104.36473846435547,103.97824104696267,104.36473846435547,31245000,0.0,0.0,0.0,0.007003748116831687,0.006979335791893308,0.07111617141741962,0.07252681473059838
2024-08-14 00:00:00-04:00,104.48729268616877,104.95863559549026,104.4778710063102,104.82666015625,28985600,0.0,0.0,0.0,0.00442603218952442,0.004416266115089347,0.040854742393442466,0.0735833780393062
2024-08-15 00:00:00-04:00,104.17621069748479,104.64755360167305,104.11022297858331,104.50614929199219,29546000,0.0,0.0,0.0,-0.0030575319654377875,-0.0030622157659807698,0.061502993997386735,0.07250181990087606
2024-08-16 00:00:00-04:00,104.61926708133373,104.88321793903458,104.09135817381053,104.81723022460938,21411500,0.0,0.0,0.0,0.0029766758676375016,0.002972254340156708,0.05891292895624346,0.07046057327600551
2024-08-19 00:00:00-04:00,104.79837366325009,105.17544940369602,104.7795231126825,105.06232452392578,16004100,0.0,0.0,0.0,0.0023383016207469964,0.002335572047727447,0.058784448223653134,0.07010625278607055
2024-08-20 00:00:00-04:00,105.2414338546123,105.39226702296092,105.06232126522863,105.33570098876953,27114000,0.0,0.0,0.0,0.0026020408941314077,0.0025986614467614767,0.04545279536579167,0.06962050988978397
2024-08-21 00:00:00-04:00,105.42055462729915,105.84476035999646,105.26972144724205,105.57138061523438,23819100,0.0,0.0,0.0,0.002237414516185421,0.002234915231589638,0.039986901710013,0.06309064166556477
2024-08-22 00:00:00-04:00,105.3357118780932,105.41112847006389,104.91150613447175,105.13774871826172,17926300,0.0,0.0,0.0,-0.004107475856104159,-0.004115934706018803,0.04740017085273384,0.06649243817062835
2024-08-23 00:00:00-04:00,105.43940680635504,105.86361973772257,105.30743136782878,105.7410659790039,22650200,0.0,0.0,0.0,0.005738350574339357,0.005721948956258889,0.05697484584096261,0.06663318888037578
2024-08-26 00:00:00-04:00,105.95788140515818,105.95788140515818,105.57137678936007,105.60908508300781,15312500,0.0,0.0,0.0,-0.0012481517447753276,-0.0012489313349297124,0.06028150715134333,0.06748717934042844
2024-08-27 00:00:00-04:00,105.18490158161862,105.57139908692662,105.14719328000656,105.5242691040039,15922700,0.0,0.0,0.0,-0.0008031125251889426,-0.0008034351928235131,0.05958155877951863,0.06799169322203247
2024-08-28 00:00:00-04:00,105.45826726830427,105.54310554149122,105.24144636106736,105.30743408203125,22104600,0.0,0.0,0.0,-0.002054835573027658,-0.002056949644185947,0.05886419660421197,0.06720998992359473
2024-08-29 00:00:00-04:00,105.10004699028987,105.24145131104115,104.95864266953859,105.12832641601562,20079400,0.0,0.0,0.0,-0.001700807427100548,-0.0017022554421486729,0.05158952201749098,0.06743440477464853
2024-08-30 00:00:00-04:00,105.26031068610746,105.4017078169256,104.79838941835945,104.83609771728516,25275500,0.0,0.0,0.0,-0.0027797331955429216,-0.0027836038284105966,0.012034315068306906,0.05985252510189115
2024-09-03 00:00:00-04:00,105.29495917157465,105.5125653405174,104.99219742726478,105.15303802490234,27734500,0.405,0.0,0.0,0.003023198254401782,0.003018637580128727,0.03628842953410089,0.0596367921933191
2024-09-04 00:00:00-04:00,105.21928878484431,105.84373907253645,105.2003693299495,105.80589294433594,31915900,0.0,0.0,0.0,0.006208616809330714,0.006189422752714765,0.062029781998445596,0.05662380064413237
2024-09-05 00:00:00-04:00,106.11811293096883,106.35464580691865,105.72073221338111,106.32625579833984,35538500,0.0,0.0,0.0,0.0049180895271840885,0.004906035231466729,0.06339605388991826,0.05376459267080703
2024-09-06 00:00:00-04:00,106.34519010292328,106.96963318667248,106.08973053625371,106.27896118164062,42004600,0.0,0.0,0.0,-0.00044480656583001377,-0.00044490552161572663,0.059357874160070774,0.054128922980122444
2024-09-09 00:00:00-04:00,106.26001289739358,106.61954744130328,106.13701841671423,106.51547241210938,35440300,0.0,0.0,0.0,0.002225381466276488,0.002222908972423147,0.04068057146511798,0.052594120752614174
2024-09-10 00:00:00-04:00,106.56277304999955,106.82769589568507,106.44924190597236,106.80876922607422,30489500,0.0,0.0,0.0,0.002753560654832121,0.0027497765516057413,0.04079347420600475,0.05274781057416734
2024-09-11 00:00:00-04:00,106.59116347324552,107.01691970183933,106.50600789648105,106.8560791015625,36948000,0.0,0.0,0.0,0.0004429399929526401,0.0004428419239920028,0.03323540995989529,0.04867306600979537
2024-09-12 00:00:00-04:00,106.78038787841797,106.86553623758533,106.49654557770766,106.78038787841797,30255700,0.0,0.0,0.0,-0.0007083473750949532,-0.0007085983716323467,0.02482954660562973,0.04753704525589665
2024-09-13 00:00:00-04:00,107.12100508380418,107.26292624652285,107.0074667099472,107.11154174804688,25536600,0.0,0.0,0.0,0.00310126116048548,0.003096462169482337,0.025885652956389626,0.04567913176501876
2024-09-16 00:00:00-04:00,107.24400207425317,107.6603022363535,107.12100758018279,107.58460998535156,25722000,0.0,0.0,0.0,0.0044165944172240845,0.0044068698864595844,0.033090003768296204,0.046681866114689004
2024-09-17 00:00:00-04:00,107.76436674407961,107.78328619577574,107.42375886627195,107.59406280517578,31732800,0.0,0.0,0.0,8.786405253968788e-05,8.78601927199148e-05,0.034646601819490926,0.04670652739024375
2024-09-18 00:00:00-04:00,107.32915846719334,107.9252187068863,107.12100838458014,107.1493911743164,35015500,0.0,0.0,0.0,-0.004132864019314453,-0.004141427905544775,0.05335444704288793,0.05001722965701309
2024-09-19 00:00:00-04:00,107.19671630435002,107.44270533029248,107.04533177908252,107.2440185546875,31216900,0.0,0.0,0.0,0.0008831350260978255,0.0008827452918024575,0.052167391625247,0.049752407266435775
2024-09-20 00:00:00-04:00,107.08315547822448,107.38591724692434,106.90338819673052,107.33860778808594,29958900,0.0,0.0,0.0,0.0008820000842304498,0.0008816113507146953,0.04843632087752356,0.04626726538175079
2024-09-23 00:00:00-04:00,107.00745045237659,107.40482387288806,106.87499264553942,107.18721771240234,22919400,0.0,0.0,0.0,-0.0014103972354707617,-0.0014113927818390068,0.033592264938269153,0.043516764752589615
2024-09-24 00:00:00-04:00,106.91285810435906,107.45215276358269,106.81824639927622,107.36700439453125,24719900,0.0,0.0,0.0,0.0016773145713260273,0.0016759094502410599,0.037698479759906756,0.043031206542209405
2024-09-25 00:00:00-04:00,107.06422210552856,107.10206100558761,106.70468758928635,106.73307037353516,32881300,0.0,0.0,0.0,-0.005904365354803431,-0.005921865036935876,0.049071891869244016,0.048994481792980854
2024-09-26 00:00:00-04:00,106.92230096587552,106.99798598440266,106.45869142844838,106.73307037353516,20877100,0.0,0.0,0.0,0.0,0.0,0.04757005066736292,0.04806620413830158
2024-09-27 00:00:00-04:00,107.03583467217004,107.24398471953641,106.96014965182616,107.1588363647461,25232000,0.0,0.0,0.0,0.0039890728311373636,0.00398113757598494,0.05888212586684088,0.04857371498608843
2024-09-30 00:00:00-04:00,107.10207137193896,107.2156097383325,106.75200737444254,106.89392852783203,22728400,0.0,0.0,0.0,-0.00247210445634527,-0.002475165151846666,0.06056806483083005,0.048270792155166005
2024-10-01 00:00:00-04:00,107.39816355047965,107.57858718931647,107.1797628511392,107.40766143798828,36591300,0.411,0.0,0.0,0.004806006451736788,0.004794494472426458,0.07096996259253258,0.04966783507268757
2024-10-02 00:00:00-04:00,106.77143325770294,107.1892460973009,106.72395106820171,107.17025756835938,29446700,0.0,0.0,0.0,-0.00221030666202493,-0.002212752995224158,0.05419717644200105,0.047026414296457916
2024-10-03 00:00:00-04:00,106.9043763886321,106.95185133412068,106.47705841064453,106.47705841064453,24163200,0.0,0.0,0.0,-0.006468204644116682,-0.006489214124523411,0.07560629846526966,0.050541233689025286
2024-10-04 00:00:00-04:00,105.9262979195958,106.01175716332752,105.77436071549764,105.8978042602539,33618100,0.0,0.0,0.0,-0.005440177997373397,-0.005455029653955332,0.06998813780553109,0.054201506564374405
2024-10-07 00:00:00-04:00,105.51797959106692,105.71739174515103,105.29007377660088,105.3565444946289,27106300,0.0,0.0,0.0,-0.005111151920532797,-0.005124258536521169,0.07271617780413601,0.05611623983902455
2024-10-08 00:00:00-04:00,105.23310659708832,105.56546020507812,105.09066726658833,105.56546020507812,27316000,0.0,0.0,0.0,0.0019829400390012353,0.001980976608550215,0.0543475714186086,0.05558030519321657
2024-10-09 00:00:00-04:00,105.33755596580586,105.47049740186193,105.16663022733877,105.3565444946289,29951900,0.0,0.0,0.0,-0.001979015769394299,-0.0019809766085502256,0.05470342385742049,0.05565426249559537
2024-10-10 00:00:00-04:00,105.1476423530685,105.29957231889341,104.92923442403682,105.24259948730469,25932500,0.0,0.0,0.0,-0.0010815180762693277,-0.0010821033389634854,0.04872935674973385,0.055670718286511864
2024-10-11 00:00:00-04:00,105.09066847958603,105.42302209141198,104.99571133974509,105.2236099243164,20079000,0.0,0.0,0.0,-0.0001804360884355427,-0.00018045236898497623,0.041290028058646906,0.05387345490720391
2024-10-14 00:00:00-04:00,104.92922610938261,105.25208178915534,104.8057825691338,105.23309326171875,4335400,0.0,0.0,0.0,9.012556601284416e-05,9.01215049480216e-05,0.02352711810818895,0.050298692677964614
2024-10-15 00:00:00-04:00,105.45151083375059,105.85033514933436,105.45151083375059,105.74588012695312,28673200,0.0,0.0,0.0,0.004872866978822499,0.00486103299058906,0.04220845130247417,0.05449013518944528
2024-10-16 00:00:00-04:00,106.04023988242811,106.1541927815305,105.86931415615675,106.0782241821289,20474300,0.0,0.0,0.0,0.0031428558235724324,0.0031379273757758167,0.040053619192656646,0.054814064464990556
2024-10-17 00:00:00-04:00,105.66991300120198,105.70789730485143,105.24260226348471,105.29007720947266,31476700,0.0,0.0,0.0,-0.007429865825271165,-0.0074576047614873546,0.07480281697104273,0.05975846545978631
2024-10-18 00:00:00-04:00,105.46097995089389,105.54644642665491,105.14762219247297,105.16661071777344,27372400,0.0,0.0,0.0,-0.0011726317899224403,-0.0011733198605347209,0.07536594491165734,0.05938414857766218
2024-10-21 00:00:00-04:00,104.65385722389344,104.7203279445967,104.05562073756415,104.0936050415039,28320400,0.0,0.0,0.0,-0.01020291201690493,-0.010255318494244832,0.1037980076885927,0.06777015062501456
2024-10-22 00:00:00-04:00,104.18856146924395,104.20754999870188,103.83721209376858,104.0841064453125,26001200,0.0,0.0,0.0,-9.12505257899543e-05,-9.125468937247076e-05,0.08728337419751585,0.06697220249759762
2024-10-23 00:00:00-04:00,103.73274993896484,103.94165997246671,103.58081997945008,103.73274993896484,25425800,0.0,0.0,0.0,-0.0033756979653013497,-0.0033814084886341915,0.06775526591569841,0.06537047200217437
2024-10-24 00:00:00-04:00,103.89417448705464,104.23601867246543,103.76122582441879,104.04610443115234,21021100,0.0,0.0,0.0,0.0030207865150770896,0.0030162331071032058,0.07859594852045061,0.06709534835055758
2024-10-25 00:00:00-04:00,104.34048081813981,104.39746089024375,103.74224439678157,103.7992172241211,16040900,0.0,0.0,0.0,-0.0023728635337291193,-0.002375683235799249,0.07790831729957118,0.0642261694431174
2024-10-28 00:00:00-04:00,103.91317252103012,103.9701453496841,103.47636393023217,103.71376037597656,20935200,0.0,0.0,0.0,-0.0008232899094028356,-0.0008236289986655846,0.039033063198273606,0.06419030912888474
2024-10-29 00:00:00-04:00,103.25796365879539,103.86569802532316,103.18200229655325,103.83721160888672,24075800,0.0,0.0,0.0,0.0011903071729597592,0.0011895993190301508,0.04134309123120992,0.0606645592724703
2024-10-30 00:00:00-04:00,104.15056059166336,104.4069455447541,103.65677921191812,103.70425415039062,25259100,0.0,0.0,0.0,-0.0012804413411724447,-0.0012812618066332497,0.034116993050229256,0.06064694127359725
2024-10-31 00:00:00-04:00,103.53333799987662,103.8087187496127,103.2389687219498,103.49535369873047,29424400,0.0,0.0,0.0,-0.0020143865203178235,-0.0020164181255951114,0.022171767525116872,0.057939940756863484
2024-11-01 00:00:00-04:00,103.77647140161454,103.93847149225446,102.88069421969355,102.9283447265625,25142200,0.385,0.0,0.0,-0.0054785935011005815,-0.005493656033996032,0.038618946408929586,0.057975506273341526
2024-11-04 00:00:00-05:00,103.7764814416704,103.94801310436858,103.4143550035035,103.69071197509766,24713500,0.0,0.0,0.0,0.007406776535272552,0.007379481064057318,0.07612452233540412,0.06409477457757252
2024-11-05 00:00:00-05:00,103.64305881508363,104.20529699040186,103.39528926591032,104.18624114990234,23732500,0.0,0.0,0.0,0.004778915732815969,0.004767532965477043,0.08365501364014279,0.0664244890378234
2024-11-06 00:00:00-05:00,102.98551192862439,103.53822577760543,102.83304340468419,103.09986877441406,38097900,0.0,0.0,0.0,-0.010427215374103183,-0.010481959670573068,0.1160905889533803,0.0748969553159899
2024-11-07 00:00:00-05:00,103.7097752598482,104.43401359648841,103.6049499507784,104.31966400146484,24596700,0.0,0.0,0.0,0.011831200578147572,0.01176175910528549,0.14705560775003526,0.08778951440105033
2024-11-08 00:00:00-05:00,104.54836525292306,104.90096011772165,104.43400839314994,104.68177795410156,21113600,0.0,0.0,0.0,0.0034711955421140583,0.003465184848380997,0.13287186470303722,0.08887507101679867
2024-11-11 00:00:00-05:00,104.4911981215666,104.56743603367325,104.31013489792518,104.4816665649414,7971100,0.0,0.0,0.0,-0.001911616262840865,-0.001913445733077538,0.13168582163510859,0.08905934292488236
2024-11-12 00:00:00-05:00,104.0337780431731,104.25296022312867,103.45247668595125,103.53824615478516,36203300,0.0,0.0,0.0,-0.00902953064564549,-0.009070543931305118,0.14604996664016934,0.09188710566328466
2024-11-13 00:00:00-05:00,104.1004739682991,104.11000552398062,103.08081562377913,103.14752197265625,22942500,0.0,0.0,0.0,-0.0037737183759593007,-0.0037808568157832573,0.12584618559394017,0.0909882907579714
2024-11-14 00:00:00-05:00,103.4238942832115,103.6049575158161,103.01412457341277,103.11894989013672,26889100,0.0,0.0,0.0,-0.00027700212252412815,-0.000277040494698349,0.07318148273700038,0.08818410971952025
2024-11-15 00:00:00-05:00,102.83305607632792,103.41435012032902,102.53763600591284,103.16658782958984,27276300,0.0,0.0,0.0,0.00046197075807974386,0.00046186408244183584,0.06018418208861811,0.08833895778433357
2024-11-18 00:00:00-05:00,103.0426866028451,103.52869410885857,102.9569244214318,103.35716247558594,19399100,0.0,0.0,0.0,0.0018472516151342155,0.001845547544111976,0.06931947344202728,0.08169499293165897
2024-11-19 00:00:00-05:00,103.6049347456346,103.78599793844532,103.50010945194904,103.57634735107422,21473200,0.0,0.0,0.0,0.002120654923552623,0.002118409508839705,0.03757588678951713,0.08216112962638637
2024-11-20 00:00:00-05:00,103.21422590950633,103.49058285423814,103.17610695811781,103.32858276367188,24792000,0.0,0.0,0.0,-0.0023920962047689898,-0.0023949618377207002,0.028948372664145353,0.08173501069721188
2024-11-21 00:00:00-05:00,103.36670437940991,103.63352977556056,103.1189348242214,103.20470428466797,22507400,0.0,0.0,0.0,-0.0011988791067349958,-0.0011995983371956612,0.03088562550763514,0.0809098382223792
2024-11-22 00:00:00-05:00,103.37623332518062,103.48105135349626,103.12846377624754,103.29999542236328,13813000,0.0,0.0,0.0,0.0009233216485216023,0.0009228956492909962,0.03133289934196223,0.0806860451058651
2024-11-25 00:00:00-05:00,104.40540836915238,104.64364634536562,104.27199568410865,104.58647155761719,21678000,0.0,0.0,0.0,0.012453786953173562,0.012376876441521717,0.09366350572984798,0.09231460608096924
2024-11-26 00:00:00-05:00,104.33871984381967,104.36730724257556,103.97660067549957,104.31966400146484,25005000,0.0,0.0,0.0,-0.002551071397464244,-0.0025543309248064723,0.10013137898988324,0.09286231309388795
2024-11-27 00:00:00-05:00,104.62461352636011,104.80567675466347,104.40543134102195,104.70085144042969,23584000,0.0,0.0,0.0,0.0036540324646703315,0.003647372706428675,0.09457282441715109,0.09343522177202614
2024-11-29 00:00:00-05:00,105.14872773259302,105.36790990731171,105.10108449144359,105.3488540649414,11838900,0.0,0.0,0.0,0.006189086483985307,0.0061700127471139244,0.0900349269292705,0.09503722714472035
2024-12-02 00:00:00-05:00,105.52384691987515,105.6003498749296,105.00746291684263,105.5142822265625,33409400,0.383,0.0,0.0,0.001570289141627601,0.0015690575267924688,0.08868861160525576,0.09200289058732575
2024-12-03 00:00:00-05:00,105.62902406496654,105.70552701089953,105.08395334270837,105.14132690429688,27394800,0.0,0.0,0.0,-0.0035346430302658494,-0.0035409046403335033,0.0651857606502187,0.09048844978115897
2024-12-04 00:00:00-05:00,104.9500861656113,105.75334528215271,104.90226999622155,105.64816284179688,22704100,0.0,0.0,0.0,0.004820520649899462,0.004808939144575426,0.06023915687798711,0.09051337793063102
2024-12-05 00:00:00-05:00,105.38996712664516,105.70553633466167,105.3517156503047,105.61946868896484,16792500,0.0,0.0,0.0,-0.00027160105826917746,-0.0002716379485163753,0.0620833781697724,0.0805685127396094
2024-12-06 00:00:00-05:00,106.06890759568985,106.07847228809071,105.6099045005661,105.85852813720703,16668800,0.0,0.0,0.0,0.0022634032457233833,0.002260845607181538,0.04937273698213307,0.07036801813478909
2024-12-09 00:00:00-05:00,105.70552895714515,105.76290251979,105.50471419216552,105.59077453613281,21149300,0.0,0.0,0.0,-0.002529353145050095,-0.0025325573629223783,0.05453852934832959,0.07050454762768772
2024-12-10 00:00:00-05:00,105.35170445291119,105.57164859456114,105.29433089236005,105.42820739746094,19497500,0.0,0.0,0.0,-0.001539596043177438,-0.0015407824390354617,0.04742264740501034,0.07035205309388244
2024-12-11 00:00:00-05:00,105.61945937279431,105.75333588031579,105.12220481567486,105.14132690429688,24516500,0.0,0.0,0.0,-0.0027210980841448906,-0.002724807001282768,0.03249865786372729,0.06215154732933169
2024-12-12 00:00:00-05:00,104.89271026860139,104.92139705130869,104.47195133363321,104.54845428466797,24747600,0.0,0.0,0.0,-0.005638816220843057,-0.005654774363325546,0.04519656968666883,0.0642785104249423
2024-12-13 00:00:00-05:00,104.4050300220465,104.4145947164091,103.8982106566914,103.96514892578125,13195000,0.0,0.0,0.0,-0.005579282476032343,-0.005594904807202286,0.02995021060362993,0.06797735362324679
2024-12-16 00:00:00-05:00,104.26157759030822,104.29026437459046,103.94600837175673,104.09901428222656,18893000,0.0,0.0,0.0,0.0012875983714588646,0.0012867701275631996,0.04633567463343768,0.06804767300742702
2024-12-17 00:00:00-05:00,104.07987983496376,104.25200782801139,103.99381948630146,104.10857391357422,29945700,0.0,0.0,0.0,9.183210248031592e-05,9.182788617091935e-05,0.05047857179648398,0.06785760003964386
2024-12-18 00:00:00-05:00,103.98863316949631,104.20935060403761,102.73148242377614,102.8178482055664,36753900,0.385,0.0,0.0,-0.012397880976444009,-0.012475375884054417,0.086732655891954,0.0811585584741373
2024-12-19 00:00:00-05:00,102.5491310122937,102.6834826468501,102.04051306409947,102.26123046875,40479900,0.0,0.0,0.0,-0.005413629506265782,-0.005428336300586596,0.08655230844519674,0.08285539899617517
2024-12-20 00:00:00-05:00,102.76985474063565,103.13452976111238,102.50115145498884,102.66429901123047,27608300,0.0,0.0,0.0,0.003941557720681166,0.0039338101337495395,0.10318870551070611,0.08428223640238557
2024-12-23 00:00:00-05:00,102.69308618724835,102.76026200773393,102.25164403525524,102.3667984008789,13091800,0.0,0.0,0.0,-0.0028978000455545105,-0.002902006796954997,0.09764407284241614,0.08466777979531492
2024-12-24 00:00:00-05:00,102.1652551496262,102.69307031587775,102.12686792647935,102.6834716796875,6215300,0.0,0.0,0.0,0.003093515512407441,0.003088740438603421,0.1062290601036558,0.07121166435220719
2024-12-26 00:00:00-05:00,102.203648097271,102.81782905879304,102.203648097271,102.7794418334961,12454800,0.0,0.0,0.0,0.0009346212417511435,0.0009341847552635677,0.06332939155795288,0.07121996039079699
2024-12-27 00:00:00-05:00,102.59712380678332,102.72187681255083,102.30922324379308,102.34761047363281,13908400,0.0,0.0,0.0,-0.004201534394036255,-0.004210385640913913,0.0571690947507057,0.07025298357470136
2024-12-30 00:00:00-05:00,102.71226516186367,102.85621542512143,102.65468798520637,102.7890396118164,9141400,0.0,0.0,0.0,0.004313038048868956,0.004303763558188083,0.05875034787877899,0.06793941058643026
2024-12-31 00:00:00-05:00,102.96178857633039,103.0577529873897,102.36679751317827,102.52993774414062,10768700,0.0,0.0,0.0,-0.0025207149386187178,-0.002523897289510778,0.05752640173205588,0.06725914713873321
2025-01-02 00:00:00-05:00,102.79865513260013,102.98098532916651,102.31882572400781,102.53954315185547,19098100,0.0,0.0,0.0,9.36839319927163e-05,9.367954392721816e-05,0.05211464904935985,0.06698225984819978
2025-01-03 00:00:00-05:00,102.68347888944355,102.74105606739944,102.24203677468083,102.29961395263672,22610500,0.0,0.0,0.0,-0.002339869984240406,-0.002342611757776044,0.052505049134018135,0.06309384191927468
2025-01-06 00:00:00-05:00,102.22283461758803,102.29001042919903,101.98291995874675,102.0405044555664,24302200,0.0,0.0,0.0,-0.0025328492167162597,-0.0025360623059539926,0.04700523569357193,0.06297208271270505
2025-01-07 00:00:00-05:00,101.9061607588226,102.02131511819019,101.40713412951331,101.57027435302734,25115700,0.0,0.0,0.0,-0.004608269089299011,-0.004618919895081392,0.026478870013143613,0.06193005700250114
2025-01-08 00:00:00-05:00,101.44552078565485,101.82938573182155,101.36874633209854,101.7334213256836,30143800,0.0,0.0,0.0,0.0016062472381357384,0.0016049586027675148,0.03856418996753205,0.06323883499657068
2025-01-10 00:00:00-05:00,101.10003965044017,101.47430594686342,100.97528665883729,101.14802551269531,24613500,0.0,0.0,0.0,-0.005754213368232564,-0.005770832638526291,0.04466620990550209,0.0647155153658905
2025-01-13 00:00:00-05:00,101.10004499077786,101.1192422653398,100.7929544923218,100.8601303100586,18873300,0.0,0.0,0.0,-0.0028462760511384078,-0.002850334397429945,0.04453505050049523,0.06473394214389219
2025-01-14 00:00:00-05:00,100.956083489292,101.03285793577061,100.70657752065779,100.97528076171875,27585200,0.0,0.0,0.0,0.0011416845418121824,0.0011410333156317892,0.05291601024196964,0.06424639205121993
2025-01-15 00:00:00-05:00,102.1268866243009,102.33801272945537,101.93495779504165,102.1844711303711,32123600,0.0,0.0,0.0,0.01197511271601015,0.011903978385025655,0.10678539706635284,0.07885224204148675
2025-01-16 00:00:00-05:00,102.13648063349787,102.59712005310593,101.92535453791147,102.38599395751953,24583300,0.0,0.0,0.0,0.0019721472834295373,0.0019702051540000805,0.10689933611518293,0.07913549922560967
2025-01-17 00:00:00-05:00,102.66427955649705,102.69306814284447,102.40516763614224,102.47234344482422,18912000,0.0,0.0,0.0,0.0008433720665008693,0.0008430166281100934,0.08808557054671788,0.07929483930323222
2025-01-21 00:00:00-05:00,102.90420444558076,103.08653461779734,102.79864140405891,103.06734466552734,20670600,0.0,0.0,0.0,0.005806456656507475,0.00578966415897207,0.07467243290179836,0.06966371483171367
2025-01-22 00:00:00-05:00,103.06734611570823,103.17290915871538,102.7314670341468,102.74105834960938,18418900,0.0,0.0,0.0,-0.0031657584366496794,-0.003170780050834931,0.09083585525459544,0.06772095096641502
2025-01-23 00:00:00-05:00,102.29002435849728,102.60671350848023,102.2708344046871,102.59712219238281,18118300,0.0,0.0,0.0,-0.0014009604294397127,-0.0014019426920166595,0.054421597827344785,0.0664948987422999
2025-01-24 00:00:00-05:00,102.55872272724847,102.9137917424898,102.45315968984848,102.79863739013672,13020200,0.0,0.0,0.0,0.001964140839896489,0.001962214437348516,0.054410864848674426,0.06594572021599308
2025-01-27 00:00:00-05:00,103.3072616119623,103.5375776523461,103.17290997827051,103.5087890625,18954300,0.0,0.0,0.0,0.006908181765757693,0.006884429604857315,0.06957206909952474,0.06944847836071155
2025-01-28 00:00:00-05:00,103.24007703114192,103.4224071918944,103.14411263259626,103.36483001708984,22253100,0.0,0.0,0.0,-0.0013907905474890292,-0.0013917585943335601,0.06339904238644478,0.06970529984065793
2025-01-29 00:00:00-05:00,103.53758979798523,103.56637839120845,102.90421878222746,103.23049926757812,24969100,0.0,0.0,0.0,-0.0012995788750342907,-0.0013004240599962134,0.05756295523665729,0.06796282645986183
2025-01-30 00:00:00-05:00,103.50879366658084,103.65274394382924,103.3168648446598,103.46080780029297,22709300,0.0,0.0,0.0,0.002231012485155892,0.0022285274721784033,0.05384819713880401,0.06677997785156112
2025-01-31 00:00:00-05:00,103.5471835404002,103.66233790784834,102.91380523297373,103.12493133544922,28454600,0.0,0.0,0.0,-0.00324641254968816,-0.003251693579608217,0.06389943015627012,0.06723955105334462
2025-02-03 00:00:00-05:00,103.40326927836236,103.71147544848893,103.0757960892321,103.28768920898438,21155000,0.389,0.0,0.0,0.0015782592184787614,0.0015770150762789781,0.036134523466685074,0.06738610335818339
2025-02-04 00:00:00-05:00,103.03728000152651,103.6055321604303,102.99875331051719,103.48995208740234,25086200,0.0,0.0,0.0,0.001958247686311587,0.00195633281876023,0.03825783274657163,0.06681660442088116
2025-02-05 00:00:00-05:00,104.05822661174344,104.43385271802427,103.79817324695452,104.21232604980469,30119200,0.0,0.0,0.0,0.006980136214501886,0.006955887836311754,0.05751624964356757,0.0694078231582436
2025-02-06 00:00:00-05:00,104.14490534838276,104.29901213344743,103.91375251900172,104.01969909667969,22557700,0.0,0.0,0.0,-0.0018484085369415704,-0.0018501189520234932,0.06306222700130346,0.06706904649613438
2025-02-07 00:00:00-05:00,103.67295553897307,103.75000892359773,103.44180273331429,103.56700897216797,23911000,0.0,0.0,0.0,-0.004351965333902474,-0.004361462699857542,0.06813018008800124,0.06986739702866253
2025-02-10 00:00:00-05:00,103.66332136331775,103.8752144955676,103.48995492313288,103.59590148925781,15302300,0.0,0.0,0.0,0.0002789741383533162,0.0002789352323040674,0.06789514201833989,0.06538135221450507
2025-02-11 00:00:00-05:00,103.27806654993817,103.44179947594826,103.2491660204526,103.36474609375,19478800,0.0,0.0,0.0,-0.002231317959347834,-0.0022338110585541204,0.06913167507577256,0.06491078186840485
2025-02-12 00:00:00-05:00,102.64238889740489,102.93133541140614,102.44012927689005,102.80612182617188,31480600,0.0,0.0,0.0,-0.005404398391995913,-0.005419054983543306,0.03537314976924229,0.06906200370629631
2025-02-13 00:00:00-05:00,103.36475109469282,103.78853736907172,103.32622440172972,103.60553741455078,20735100,0.0,0.0,0.0,0.00777595316483759,0.007745876258154679,0.08346424152116398,0.06131043563878185
2025-02-14 00:00:00-05:00,104.14490293108057,104.35679608151827,104.01006317138672,104.01006317138672,14409400,0.0,0.0,0.0,0.0039044800782928046,0.0038968773792508716,0.08180982723006273,0.0622200413831918
2025-02-18 00:00:00-05:00,103.87522000624709,103.98116657799258,103.50922743453619,103.5862808227539,17640000,0.0,0.0,0.0,-0.004074436027738049,-0.00408275915794414,0.08927119739475983,0.0645730950595434
2025-02-19 00:00:00-05:00,103.5477527970078,103.79816528317177,103.44180622662479,103.6440658569336,26007400,0.0,0.0,0.0,0.0005578444724603226,0.0005576889350736882,0.08705950056128571,0.06152036308554035
2025-02-20 00:00:00-05:00,103.80779095310164,103.97152387743041,103.74037108142421,103.89447784423828,23814800,0.0,0.0,0.0,0.0024160764558420755,0.0024131624358414436,0.06922865580207645,0.060549332519870394
2025-02-21 00:00:00-05:00,104.03895612723812,104.57832251304404,104.01006294282661,104.26048278808594,30130700,0.0,0.0,0.0,0.0035228527198181148,0.0035166620092228033,0.05168327303143421,0.06094987322282001
2025-02-24 00:00:00-05:00,104.31826585332028,104.6746322622801,104.19305960876358,104.53015899658203,23399500,0.0,0.0,0.0,0.002586562053853436,0.0025832226593521302,0.04817110466105812,0.06114572807588019
2025-02-25 00:00:00-05:00,105.18509369591644,105.36809364802075,105.04062043626648,105.3295669555664,26835200,0.0,0.0,0.0,0.00764762980041489,0.007618534923379479,0.04181253965698033,0.062166434788054066
2025-02-26 00:00:00-05:00,105.36810143775828,105.59925426135794,105.16584179858162,105.55109405517578,22983100,0.0,0.0,0.0,0.002103180578942432,0.0021009719908328876,0.03641045138123094,0.06170952525587668
2025-02-27 00:00:00-05:00,105.25251311498153,105.41624604604218,105.05025349163331,105.10803985595703,27258200,0.0,0.0,0.0,-0.0041975329880251655,-0.004206367359996727,0.06754878709833627,0.06399081576199507
2025-02-28 00:00:00-05:00,105.47403759233949,105.61851084839675,105.12730471708805,105.57035064697266,29596100,0.0,0.0,0.0,0.004398434141186458,0.004388789300860667,0.06879532533773469,0.0650384791341159
2025-03-03 00:00:00-05:00,105.32381059831445,105.90389251708984,105.256134497393,105.90389251708984,42545300,0.415,0.0,0.0,0.0031594275104054326,0.0031544470069112,0.06895674306429023,0.06342293356060415
2025-03-04 00:00:00-05:00,105.7298801318889,105.91357558948337,105.43017270203916,105.55585479736328,46053300,0.0,0.0,0.0,-0.0032863543676677764,-0.0032917662904329605,0.06210513516941833,0.06549532534740068
2025-03-05 00:00:00-05:00,105.70087878609094,105.8168907601542,105.12079678734631,105.21747589111328,45483500,0.0,0.0,0.0,-0.0032056858134452693,-0.0032108350316745384,0.06451308565102347,0.06713681919685556
2025-03-06 00:00:00-05:00,105.0821213777975,105.22713634221245,104.69539759502483,104.88875579833984,40519900,0.0,0.0,0.0,-0.003124196717222305,-0.0031290872083467925,0.06113127209604148,0.06439811897888811
2025-03-07 00:00:00-05:00,105.4108269310089,105.4108269310089,104.60837640963607,104.72439575195312,30747100,0.0,0.0,0.0,-0.0015669939559843638,-0.0015682229750915483,0.04376178875667201,0.06427942025213833
2025-03-10 00:00:00-04:00,105.20778962194001,105.43982091060009,104.94675534421513,105.08210754394531,34294800,0.0,0.0,0.0,0.0034157446259175384,0.003409924220489335,0.0455221854946238,0.06264345479832657
2025-03-11 00:00:00-04:00,105.00476822741324,105.07244433172868,104.36667292146004,104.39568328857422,42262600,0.0,0.0,0.0,-0.006532265781632018,-0.006553694399011707,0.05754991818868678,0.0677564233978037
2025-03-12 00:00:00-04:00,104.44400943846586,104.4730124267416,104.04762297179481,104.08629608154297,35875600,0.0,0.0,0.0,-0.0029636015329870258,-0.0029680016957132735,0.05730927016183743,0.06818116454459135
2025-03-13 00:00:00-04:00,103.72859258791627,104.44402679680692,103.62224336246922,104.41502380371094,43907900,0.0,0.0,0.0,0.00315822288373524,0.0031532461734639578,0.0671252162194017,0.06529894880098465
2025-03-14 00:00:00-04:00,104.41501956786034,104.61804788743854,104.28933747749548,104.3666763305664,31358100,0.0,0.0,0.0,-0.00046303176864104234,-0.0004631390009530167,0.06688894862200229,0.05992769455939534
2025-03-17 00:00:00-04:00,104.75339390868102,104.95642221625853,104.53103273301411,104.5793685913086,17561400,0.0,0.0,0.0,0.0020379326833070976,0.0020358589154844363,0.06212321121739179,0.05882486798538183
2025-03-18 00:00:00-04:00,104.55036734542742,105.0531104378431,104.43434800652946,104.83074188232422,27948100,0.0,0.0,0.0,0.0024036604389723326,0.0024007762680065916,0.04001774725978382,0.05692938144916981
2025-03-19 00:00:00-04:00,104.85007882753123,105.55585025835367,104.6857236231419,105.44950103759766,27469800,0.0,0.0,0.0,0.005902458994023085,0.005885107726221404,0.036333357674008145,0.05995343523934479
2025-03-20 00:00:00-04:00,106.00057911217519,106.01024923474625,105.2851449409055,105.29481506347656,26937300,0.0,0.0,0.0,-0.0014669199246940545,-0.001467996905084967,0.045579891048020904,0.06020970912229171
2025-03-21 00:00:00-04:00,105.3624939776054,105.4785059469811,105.0821194247099,105.14979553222656,26447400,0.0,0.0,0.0,-0.0013772713420179272,-0.0013782206519310383,0.048650202049545545,0.05964706194107272
2025-03-24 00:00:00-04:00,105.03378461747859,105.03378461747859,104.61805781618052,104.69540405273438,25243300,0.0,0.0,0.0,-0.004321372925094491,-0.004330737044044102,0.0630397008923414,0.06135254683953808
2025-03-25 00:00:00-04:00,104.69538571172139,105.01443334950648,104.5987066210373,104.8017349243164,22744000,0.0,0.0,0.0,0.0010156211969769569,0.00101510580270313,0.060750464671512384,0.05466331240421916
2025-03-26 00:00:00-04:00,104.62771432144746,104.62771432144746,104.32800691399005,104.3763427734375,17115600,0.0,0.0,0.0,-0.0040590182136402975,-0.004067278387778198,0.0349469384485221,0.05552128312838807
2025-03-27 00:00:00-04:00,104.19265039768001,104.28933687170624,104.0669683080452,104.25066375732422,22028900,0.0,0.0,0.0,-0.0012040948434655085,-0.0012048203481042764,0.03526765426974292,0.05390894372968982
2025-03-28 00:00:00-04:00,104.70506402816093,104.92742521652279,104.56004169271404,104.87908935546875,27257000,0.0,0.0,0.0,0.006028024911259866,0.006009929054198978,0.06766579249238963,0.056100159122637445
2025-03-31 00:00:00-04:00,105.14011352207491,105.20778962194001,104.70505393381956,105.08210754394531,29834300,0.0,0.0,0.0,0.0019357356144509286,0.0019338644925421691,0.059544740371103834,0.05525461369990297
2025-04-01 00:00:00-04:00,105.33153672660694,105.6906352093205,105.28301470757026,105.45771026611328,22059200,0.417,0.0,0.0,0.0035743737059221736,0.0035680008137780007,0.062955283726584,0.055838070852136816
2025-04-02 00:00:00-04:00,105.79739934790412,105.79739934790412,105.15684646612358,105.70034790039062,24769000,0.0,0.0,0.0,0.0023008050683546166,0.002298162269307348,0.041756288077651416,0.05511470720046966
2025-04-03 00:00:00-04:00,105.89443828883053,106.31176612794609,105.54504719540589,105.69062805175781,41675700,0.0,0.0,0.0,-9.19566380421788e-05,-9.196086631303251e-05,0.035820289357603154,0.05369648144155796
2025-04-04 00:00:00-04:00,105.91385673776244,106.24384054045316,105.30242596232911,105.57417297363281,60793800,0.0,0.0,0.0,-0.0011018486716529718,-0.0011024561531767212,0.029996334689384292,0.05349707776554449
2025-04-07 00:00:00-04:00,104.59393564032062,105.07920027286364,103.22549322691565,103.51665496826172,62583200,0.0,0.0,0.0,-0.019488838485952065,-0.01968124991838278,0.14960302456104493,0.08743951130376162
2025-04-08 00:00:00-04:00,103.69132929114643,103.7592734390047,101.87644454652427,102.2064208984375,56747700,0.0,0.0,0.0,-0.012657229604510878,-0.012738014736355724,0.14930727100726018,0.09518481109302393
2025-04-09 00:00:00-04:00,101.02237821282426,103.95338046616796,100.71180917318685,103.91455841064453,77380700,0.0,0.0,0.0,0.016712624287121836,0.016574505146371894,0.2195711208228609,0.1137334049120914
2025-04-10 00:00:00-04:00,102.83728353122267,103.21578936509216,101.96380568208114,102.14820861816406,55825000,0.0,0.0,0.0,-0.016998097470618978,-0.017144223405123178,0.23606944263289356,0.1278072639681856
2025-04-11 00:00:00-04:00,101.44941692079686,102.32289468884909,100.40124359913419,102.12879180908203,41686900,0.0,0.0,0.0,-0.00019008467544068264,-0.00019010274382231924,0.23751752657083638,0.1278280114846985
2025-04-14 00:00:00-04:00,102.8663870994994,102.9634385378957,102.37142254231323,102.75962829589844,28111900,0.0,0.0,0.0,0.006176872120407406,0.00615787344061669,0.21837771797415592,0.12998124958630283
2025-04-15 00:00:00-04:00,102.80815614927161,103.46811628667045,102.75962672853859,103.31282806396484,20502600,0.0,0.0,0.0,0.005383434888198035,0.0053689959999622255,0.19617129001146744,0.13139181595524596
2025-04-16 00:00:00-04:00,103.40989661990936,103.7592877492693,103.14784957061406,103.74958038330078,24639800,0.0,0.0,0.0,0.004227474240328766,0.004218563575346383,0.15341418024070097,0.130406929193672
2025-04-17 00:00:00-04:00,103.75927686847014,103.84662093937537,103.42929310110055,103.60398864746094,11483700,0.0,0.0,0.0,-0.0014032995150626837,-0.0014042850619467165,0.05425033747254933,0.1304026804693638
2025-04-21 00:00:00-04:00,103.07991561365388,103.24490381684011,102.40054806844533,102.4878921508789,23506700,0.0,0.0,0.0,-0.01077271745183317,-0.010831163298541778,0.11236706826055078,0.1351545162997975
2025-04-22 00:00:00-04:00,103.05080346111951,103.09933288892456,102.70141231366617,102.740234375,20939300,0.0,0.0,0.0,0.0024621662015411605,0.002459140036601991,0.10377295331331021,0.13525266196016994
2025-04-23 00:00:00-04:00,104.3804198103184,104.49687857695545,103.17695825503348,103.19637298583984,31155900,0.0,0.0,0.0,0.004439727178107811,0.004429900663360919,0.10085204098102923,0.13643931451951455
2025-04-24 00:00:00-04:00,103.90485845268604,104.31248636246556,103.72046293149226,104.2542495727539,23838700,0.0,0.0,0.0,0.010251102401236611,0.010198916192120475,0.12396485610935569,0.1411900188351444
2025-04-25 00:00:00-04:00,104.65217613267542,104.85598639700581,104.47748056259925,104.80745697021484,14575300,0.0,0.0,0.0,0.005306329475566196,0.005292300515620281,0.12493342419427278,0.14235282452242431
2025-04-28 00:00:00-04:00,104.7104032087154,105.15684578803933,104.7006958426614,105.05008697509766,18297900,0.0,0.0,0.0,0.00231500707961807,0.002312331579134824,0.051206929083766846,0.1409763592982614
2025-04-29 00:00:00-04:00,104.87538910344173,105.30242434582107,104.86568914215174,105.29271697998047,19346200,0.0,0.0,0.0,0.0023096601999037514,0.002306997034667118,0.05168385544877137,0.14104649849353393
2025-04-30 00:00:00-04:00,104.94331056522836,105.09859877785048,104.63274154453364,104.79773712158203,35129300,0.0,0.0,0.0,-0.004700988564029118,-0.004712072962832996,0.0862580345046943,0.1414305436520102
2025-05-01 00:00:00-04:00,105.00432903971256,105.00432903971256,104.35145684304675,104.42941284179688,28056300,0.432,0.0,0.0,-0.0035146205433600475,-0.003520811331913468,0.06768307335127569,0.1415316881447953
2025-05-02 00:00:00-04:00,104.1078540896355,104.30274409431138,103.97143480350914,104.17607116699219,20302100,0.0,0.0,0.0,-0.0024259609233701074,-0.002428908334405233,0.05252417546505278,0.14167025682370554
2025-05-05 00:00:00-04:00,103.91297322184104,104.07862415280955,103.58167135990402,104.0299072265625,20005800,0.0,0.0,0.0,-0.00140304715653361,-0.001404032348817318,0.042511632341816694,0.14168608790638282
2025-05-06 00:00:00-04:00,103.73755980853676,104.24426631594814,103.64986489434584,104.2345199584961,29906500,0.0,0.0,0.0,0.001966864504531207,0.0019649327591145407,0.040364674406960496,0.12321115434270882
2025-05-07 00:00:00-04:00,104.44889831542969,104.55608594770469,104.26375468981057,104.44889831542969,19892000,0.0,0.0,0.0,0.002056692514331715,0.0020545804177421606,0.040550241273330005,0.11323697061798864
2025-05-08 00:00:00-04:00,104.60481064010848,104.68276663924486,103.92271423339844,103.92271423339844,25149700,0.0,0.0,0.0,-0.005037717874651015,-0.005050449953757934,0.04804479018092782,0.09890059187986797
2025-05-09 00:00:00-04:00,104.1955522172583,104.29299349849082,103.85450401579786,103.88373565673828,18254700,0.0,0.0,0.0,-0.00037507273503856187,-0.000375143092410151,0.04630011606072242,0.07588053984708806
2025-05-12 00:00:00-04:00,103.86425018310547,104.09811819552466,103.76680889507767,103.86425018310547,28270900,0.0,0.0,0.0,-0.0001875700128574076,-0.0001875876063123067,0.04570351979094706,0.07588008163575821
2025-05-13 00:00:00-04:00,103.96168880199136,104.08836172068752,103.74731352858787,103.95194244384766,32005700,0.0,0.0,0.0,0.0008442968642972115,0.0008439406461881348,0.042772861892585695,0.07323322715412645
2025-05-14 00:00:00-04:00,103.85450127970121,103.9811741985369,103.38677273409711,103.42575073242188,25340600,0.0,0.0,0.0,-0.0050618747380311024,-0.005074729423515912,0.04532685820243977,0.07354503096976475
2025-05-15 00:00:00-04:00,103.66936819383928,104.22479171646462,103.60115854840436,104.16632843017578,30008300,0.0,0.0,0.0,0.007160476888100176,0.00713496239834287,0.06949090995157227,0.07642725130172931
2025-05-16 00:00:00-04:00,104.64379098216263,104.65353734084617,104.21504041160816,104.3612060546875,21888400,0.0,0.0,0.0,0.0018708312700330687,0.0018690834447971554,0.06958702501377008,0.07639340227456654
2025-05-19 00:00:00-04:00,103.44524547461411,104.42941207298948,103.34779675974725,104.3709487915039,33615600,0.0,0.0,0.0,9.335592395598447e-05,9.335156656290582e-05,0.0693321145051452,0.06411254430736728
2025-05-20 00:00:00-04:00,104.06886731065615,104.24426457039347,103.88372369362997,104.11758422851562,23036200,0.0,0.0,0.0,-0.002427539137297763,-0.00243049038758048,0.07350508598690635,0.06489568325710184
2025-05-21 00:00:00-04:00,103.64012709278649,103.81552436994053,102.87032834496001,102.9580307006836,35452800,0.0,0.0,0.0,-0.011136961507741683,-0.011199441790328514,0.10671506777408073,0.07558213063653205
2025-05-22 00:00:00-04:00,102.84109639130388,103.53293913955656,102.69493075507177,103.48421478271484,34010700,0.0,0.0,0.0,0.005110665758176314,0.005097650631072405,0.09757638577323705,0.0680698081923413
2025-05-23 00:00:00-04:00,103.68884465279355,103.8447492032145,103.37702068336642,103.56216430664062,21447200,0.0,0.0,0.0,0.0007532503782288202,0.000752966827543509,0.09559231321107138,0.06488543767613716
2025-05-27 00:00:00-04:00,104.18580307671286,104.58532198367881,103.79603052789787,104.49761962890625,29208400,0.0,0.0,0.0,0.009032790387576428,0.008992238749845043,0.12241075222555527,0.07277582192851804
2025-05-28 00:00:00-04:00,104.2929872452557,104.36119688145806,103.94219270641709,104.24427032470703,29079800,0.0,0.0,0.0,-0.00242445048125417,-0.0024273942202510147,0.12240647173712475,0.07250390083367655
2025-05-29 00:00:00-04:00,104.58533268348452,104.80944690383379,104.45865231744088,104.71200561523438,31012800,0.0,0.0,0.0,0.004486916058507706,0.004476879860503277,0.06954287666172047,0.07276159718633363
2025-05-30 00:00:00-04:00,104.70225204090895,105.01406860351562,104.60481075902435,105.01406860351562,29890800,0.0,0.0,0.0,0.0028847025372733537,0.0028805497673295047,0.06785172289150293,0.0722418119993945
2025-06-02 00:00:00-04:00,104.6385075957481,104.72653340192119,104.3451056524971,104.71675109863281,24225900,0.396,0.0,0.0,-0.002831215939317122,-0.002835231412069164,0.0790066132286959,0.07245781315798597
2025-06-03 00:00:00-04:00,104.88301331060205,105.04928262023789,104.63850795952065,104.76565551757812,24080000,0.0,0.0,0.0,0.0004670161978119758,0.0004669071796882989,0.05096645876199167,0.07218910339889074
2025-06-04 00:00:00-04:00,105.26444108956633,105.67521575039368,105.15685813812479,105.52851104736328,28006400,0.0,0.0,0.0,0.007281542085680659,0.007255159650570476,0.06122754428116278,0.07611423739404842
2025-06-05 00:00:00-04:00,105.56763538528689,105.61653197968752,105.14708587254252,105.20576477050781,29760700,0.0,0.0,0.0,-0.0030583798980221566,-0.003063066299459034,0.06847668560640172,0.07700125494176238
2025-06-06 00:00:00-04:00,104.86345487355823,104.99059496833794,104.56027062970063,104.5700454711914,31093100,0.0,0.0,0.0,-0.006042627993847471,-0.0060609585508455905,0.08079686779840786,0.07801364325815235
2025-06-09 00:00:00-04:00,104.63850551887937,105.01993326073287,104.58960892683027,104.88301086425781,18850000,0.0,0.0,0.0,0.002992878043192926,0.0029884082997461633,0.08230481409879487,0.07852881517249406
2025-06-10 00:00:00-04:00,105.28399564361276,105.32311739146623,104.90256792917945,105.13729095458984,20359000,0.0,0.0,0.0,0.0024244163877134017,0.0024214822317565245,0.0836746708022087,0.07877666869463541
2025-06-11 00:00:00-04:00,105.31333858034343,105.59696566540087,105.19597333289221,105.46981811523438,20584700,0.0,0.0,0.0,0.0031627898876351868,0.00315779878879409,0.06671597028221858,0.07929203250833487
2025-06-12 00:00:00-04:00,105.85126464563174,106.05664825439453,105.70455993602647,106.05664825439453,26497300,0.0,0.0,0.0,0.005563962749219886,0.005548541085745086,0.07062942567568188,0.07794483070776038
2025-06-13 00:00:00-04:00,105.7436778120331,105.81213901244374,105.13730185003084,105.42092895507812,34794500,0.0,0.0,0.0,-0.005994148502520336,-0.006012185524500259,0.07029812210896971,0.07873809312804038
2025-06-16 00:00:00-04:00,105.43071619056406,105.74368275875497,105.21555027586189,105.235107421875,21286000,0.0,0.0,0.0,-0.0017626626424654956,-0.001764217960196758,0.07256021136748163,0.07902253002162732
2025-06-17 00:00:00-04:00,105.50895904626178,105.66544607131327,105.28401827489033,105.59698486328125,27241300,0.0,0.0,0.0,0.0034387520502594526,0.0034328530619983015,0.07443071461933022,0.07972331134910797
2025-06-18 00:00:00-04:00,105.84148616562642,106.03708747769231,105.47961553042157,105.67522430419922,29762000,0.0,0.0,0.0,0.0007409249517802419,0.0007406506023946629,0.0716901304761144,0.07891876374880905
2025-06-20 00:00:00-04:00,105.48939219258097,105.92949885204662,105.35246978911559,105.76323699951172,20437500,0.0,0.0,0.0,0.0008328602649485539,0.0008325136292907805,0.056459618060072915,0.06525131158947228
2025-06-23 00:00:00-04:00,106.0077333681046,106.31091759839538,105.92948986941319,106.02729797363281,34072400,0.0,0.0,0.0,0.0024967179675325912,0.002493606345380358,0.031553511133540955,0.06390051145852838
2025-06-24 00:00:00-04:00,105.90015182550194,106.62388554370663,105.89036952260825,106.52608489990234,38185300,0.0,0.0,0.0,0.004704325544479859,0.004693294786388815,0.027030527761691243,0.06504470629892846
2025-06-25 00:00:00-04:00,106.32071279065109,106.45763519910508,106.14466862810858,106.39895629882812,30675200,0.0,0.0,0.0,-0.0011934034860445752,-0.0011941161590455474,0.035081868274418185,0.059019910934252386
2025-06-26 00:00:00-04:00,106.51631632935488,106.79993597457079,106.3011504232921,106.7901611328125,31026000,0.0,0.0,0.0,0.0036767732277904752,0.003670030419902336,0.03712582158859419,0.05842056095836227
2025-06-27 00:00:00-04:00,106.60433817960732,106.99554825242525,106.4869729192485,106.61412048339844,24704800,0.0,0.0,0.0,-0.001648472551653235,-0.00164983277759897,0.04567153148688671,0.0579183480617763
2025-06-30 00:00:00-04:00,106.96620468440604,107.30851068680062,106.83905712515146,107.200927734375,40575000,0.0,0.0,0.0,0.005504029375432928,0.005488937557630273,0.05365411629234954,0.059819781514047626
2025-07-01 00:00:00-04:00,107.25196608488663,107.39921080620914,107.02618984696844,107.33049011230469,28691300,0.402,0.0,0.0,0.0012085938122730067,0.0012078640507025048,0.04894291284592001,0.05804679127217283
2025-07-02 00:00:00-04:00,106.97711197244612,107.31085968017578,106.89858045680002,107.31085968017578,24284500,0.0,0.0,0.0,-0.00018289706968044328,-0.00018291379738915583,0.04585552140519295,0.05820716967124241
2025-07-03 00:00:00-04:00,107.14399100598376,107.27159910819451,106.97711714405175,107.0556411743164,17340500,0.0,0.0,0.0,-0.002378310141396889,-0.0023811428131671657,0.049510504159937005,0.054839304341932286
2025-07-07 00:00:00-04:00,106.85931394661205,106.85931394661205,106.29979000763365,106.41758728027344,18303300,0.0,0.0,0.0,-0.005960021228624823,-0.00597785304244249,0.06749582913962394,0.0583488480856108
2025-07-08 00:00:00-04:00,106.17219126549203,106.20163871395172,106.02494653401548,106.11328887939453,29374900,0.0,0.0,0.0,-0.0028594747227023154,-0.002863570830889272,0.043586002089897276,0.054526375557456236
2025-07-09 00:00:00-04:00,106.35869065048456,106.74152244579284,106.26052999589899,106.72189331054688,33182900,0.0,0.0,0.0,0.005735421430995924,0.005719036521223244,0.06915415426971545,0.05684989650879002
2025-07-10 00:00:00-04:00,106.68262884704446,106.839684398454,106.47648922315683,106.74152374267578,29758900,0.0,0.0,0.0,0.00018394006627842074,0.00018392315137861622,0.06951843090883965,0.05659598358741543
2025-07-11 00:00:00-04:00,106.2703506250431,106.29979807314301,106.01512692621384,106.09365844726562,23776000,0.0,0.0,0.0,-0.006069477675548107,-0.006087971826371683,0.07832389221927998,0.06074107609551723
2025-07-14 00:00:00-04:00,106.03476167493234,106.2016430382959,105.87770611369297,106.06421661376953,18216500,0.0,0.0,0.0,-0.0002775079484201859,-0.0002775464608760773,0.06913163856610548,0.05748086769397414
2025-07-15 00:00:00-04:00,106.28998180248296,106.28998180248296,105.64211546430577,105.68138122558594,31329400,0.0,0.0,0.0,-0.00360946792807304,-0.003615997775019057,0.07082107910060567,0.05473492666919135
2025-07-16 00:00:00-04:00,105.92678286255052,106.11328586054869,105.36725140102224,105.84825134277344,41794100,0.0,0.0,0.0,0.001578992583672889,0.0015777472855885248,0.049596166811037574,0.05448787822004244
2025-07-17 00:00:00-04:00,106.05438563872593,106.22125949298756,105.9660358111196,106.10346221923828,19396900,0.0,0.0,0.0,0.0024111014894179217,0.002408199448029933,0.05675606535018283,0.05381977046998856
2025-07-18 00:00:00-04:00,106.39795771389386,106.4372234740448,106.17218895449838,106.29979705810547,17446200,0.0,0.0,0.0,0.001850409352915472,0.0018486994545451434,0.038943259540345075,0.054098807251888176
2025-07-21 00:00:00-04:00,106.8593266451828,106.98693475549037,106.68263445981475,106.71208190917969,17147100,0.0,0.0,0.0,0.0038785102369371938,0.0038710082076498296,0.045135299915861904,0.05555710001246171
2025-07-22 00:00:00-04:00,106.7611607903347,107.02619531090373,106.72189503003224,106.96730041503906,19568700,0.0,0.0,0.0,0.002391655202422127,0.002388799747055366,0.014109211637280778,0.055507056525494015
2025-07-23 00:00:00-04:00,106.76116453617142,106.87895433203356,106.65318556384561,106.80043029785156,20810400,0.0,0.0,0.0,-0.0015600105503273953,-0.0015612286337661296,0.032080409916120135,0.05355447514432407
2025-07-24 00:00:00-04:00,106.44704263948655,106.85932189060871,106.42740601466471,106.64336395263672,23064800,0.0,0.0,0.0,-0.0014706527377914558,-0.0014717352089519947,0.03856058437364149,0.053654568611178635
2025-07-25 00:00:00-04:00,106.6924412667032,107.0360072875406,106.60409143895784,106.98692321777344,26008500,0.0,0.0,0.0,0.003221571904739484,0.0032163937601669764,0.04153902420651223,0.05327736924503871
2025-07-28 00:00:00-04:00,106.85931540415116,106.93784692031551,106.73170730726729,106.77096557617188,21887900,0.0,0.0,0.0,-0.0020185424078602576,-0.0020205824102696164,0.039452130023714845,0.05345411253536477
2025-07-29 00:00:00-04:00,106.94766091071413,107.48755573886356,106.92803177568042,107.47773742675781,26131300,0.0,0.0,0.0,0.006619513523849374,0.006597700751252449,0.060591474558775026,0.05507765843994239
2025-07-30 00:00:00-04:00,107.08509005901841,107.4384744120749,106.97711857980816,107.07527923583984,23313300,0.0,0.0,0.0,-0.0037445726022306003,-0.0037516010654305093,0.06786051355452787,0.05658244132228706
2025-07-31 00:00:00-04:00,107.39921051117196,107.48755285021619,107.08508444565214,107.10472106933594,31745000,0.0,0.0,0.0,0.00027496387313874493,0.0002749260775011104,0.06573024919965782,0.05659827782326489
2025-08-01 00:00:00-04:00,107.74932698674158,108.12386456839998,107.55220352687462,108.05487060546875,46073800,0.444,0.0,0.0,0.00887121992986395,0.008832101838246027,0.08719358462901028,0.06414902300611369
2025-08-04 00:00:00-04:00,108.20272315484121,108.31114331990847,108.00559968368898,108.24214935302734,31779600,0.0,0.0,0.0,0.0017331819149770666,0.0017316816883954514,0.08007649235677874,0.059566416843587267
2025-08-05 00:00:00-04:00,108.05486658344284,108.35055928201496,108.03515724610095,108.32099151611328,25922900,0.0,0.0,0.0,0.0007283868950975769,0.0007281217501073807,0.07273076865450886,0.05793655037782667
2025-08-06 00:00:00-04:00,108.07458729492213,108.34070471730566,107.66062351797977,108.29142761230469,31825300,0.0,0.0,0.0,-0.0002729286668705644,-0.0002729659186773758,0.05976043744693641,0.05534062862571354
2025-08-07 00:00:00-04:00,108.33085263958507,108.49840833038125,108.11401232454162,108.1830062866211,29018100,0.0,0.0,0.0,-0.0010011995231216098,-0.0010017010581498582,0.06303727407029011,0.055656431366108074
2025-08-08 00:00:00-04:00,108.06473445112269,108.06473445112269,107.81832635404884,107.83804321289062,16946300,0.0,0.0,0.0,-0.003188699275157192,-0.003193794009958472,0.029675303931931244,0.051833204088594036
2025-08-11 00:00:00-04:00,107.99573391737002,108.14358027057926,107.87745533084704,108.0055923461914,24444300,0.0,0.0,0.0,0.0015537108084389128,0.0015525050485739663,0.028879109049002306,0.051726035485131244
2025-08-12 00:00:00-04:00,107.81831460092543,108.12385820166105,107.70003602010316,108.1041488647461,26380500,0.0,0.0,0.0,0.0009125131061620273,0.0009120970191815451,0.029372243226499686,0.04889613268110163
2025-08-13 00:00:00-04:00,108.47868842529935,108.73495492858582,108.46883751654894,108.67581939697266,27701400,0.0,0.0,0.0,0.0052881460908758005,0.005274212945091401,0.05009928983487912,0.05106392824252289
2025-08-14 00:00:00-04:00,108.41955574676103,108.47869127993035,108.1731476655184,108.30127716064453,18817700,0.0,0.0,0.0,-0.0034464174128744363,-0.0034523699900118575,0.05778748073375495,0.053580891714314696
2025-08-15 00:00:00-04:00,108.26185366214906,108.35056448389075,108.05487177112254,108.16329193115234,20932000,0.0,0.0,0.0,-0.0012740868169773822,-0.0012748991556526205,0.051970171542796394,0.054092592238730655
2025-08-18 00:00:00-04:00,108.24214712649612,108.26185646529456,107.86760953109973,107.96617126464844,19579900,0.0,0.0,0.0,-0.001822435902093078,-0.0018240985587655895,0.05359621583214844,0.05367759372814794
2025-08-19 00:00:00-04:00,108.1041602589661,108.20272199348435,108.03516629282551,108.13372802734375,26744200,0.0,0.0,0.0,0.001551937618354593,0.001550734607673145,0.05451784400201785,0.053385693422596844
2025-08-20 00:00:00-04:00,108.09429546693156,108.29142644414283,108.01544307604705,108.1830062866211,25054700,0.0,0.0,0.0,0.0004557159008231615,0.0004556120938684858,0.03107187587036154,0.052806485024629236
2025-08-21 00:00:00-04:00,107.98586801034756,107.99572643848623,107.62118888676767,107.76902770996094,25157900,0.0,0.0,0.0,-0.003826650699309986,-0.0038339910590761764,0.03308182842521736,0.054689181858146654
2025-08-22 00:00:00-04:00,108.07458307803952,108.72509648502732,107.98587226085438,108.6166763305664,34562900,0.0,0.0,0.0,0.007865419579424549,0.007834648413613966,0.07049297187776167,0.059950765638247076
2025-08-25 00:00:00-04:00,108.38999185852745,108.55754755502115,108.3012810358214,108.33085632324219,18983100,0.0,0.0,0.0,-0.0026314560248036356,-0.002634924391113971,0.07262324062834319,0.0603659692908184
2025-08-26 00:00:00-04:00,108.31114437918261,108.42942297489775,108.08445313711837,108.40970611572266,23246400,0.0,0.0,0.0,0.0007278608806080555,0.0007275961183429032,0.07223666772862049,0.056225810473243945
2025-08-27 00:00:00-04:00,108.1041573757632,108.47869496485467,108.01544655321791,108.44912719726562,25171700,0.0,0.0,0.0,0.00036363055445320924,0.00036356445688605447,0.07224464183229176,0.054020622131327335
2025-08-28 00:00:00-04:00,108.49840526735645,108.72509648502732,108.41955287869803,108.6166763305664,26892700,0.0,0.0,0.0,0.0015449560326661338,0.0015437638158850731,0.06119906387245448,0.05409386921922735
2025-08-29 00:00:00-04:00,108.40970003053968,108.42941688860805,108.17315037216575,108.2224349975586,32201100,0.0,0.0,0.0,-0.0036296574920776647,-0.003636260681886467,0.03595517449000098,0.04677371398425159
2025-09-02 00:00:00-04:00,107.69227657140308,107.8999848746292,107.62304047032771,107.86042785644531,31044800,0.384,0.0,0.0,-0.0033450286081758707,-0.003350635723837237,0.03859861762069677,0.04785637972685286
2025-09-03 00:00:00-04:00,108.0681313199612,108.63191313094632,108.0483452655863,108.50332641601562,34520600,0.0,0.0,0.0,0.00596046735903899,0.005942774045603443,0.06262384634688707,0.05253722684809339
2025-09-04 00:00:00-04:00,108.87918869788822,109.25504073251184,108.77038803462396,109.24514770507812,43026600,0.0,0.0,0.0,0.006836852966316087,0.0068135876678283545,0.07864051245759072,0.0576954457367174
2025-09-05 00:00:00-04:00,109.99685521150211,110.0957628436379,109.8484899902141,109.95729064941406,36249000,0.0,0.0,0.0,0.0065187604144987255,0.006497605183313477,0.08646347396166901,0.06126053134257317
2025-09-08 00:00:00-04:00,110.29359042118767,110.41227656641304,110.20456826609971,110.3430404663086,28998000,0.0,0.0,0.0,0.0035081786265946935,0.0035020393222842377,0.06752378921404498,0.060047333875249645
2025-09-09 00:00:00-04:00,110.22435465273664,110.33315531696655,109.90784568756843,110.14522552490234,24412500,0.0,0.0,0.0,-0.001792726941094669,-0.0017943357991536573,0.05713724899072413,0.06092164907636256
2025-09-10 00:00:00-04:00,110.362817996845,110.76834153865715,110.33314646283048,110.47161865234375,30188100,0.0,0.0,0.0,0.002963298008478832,0.0029589160954105126,0.055271714914028616,0.06132142080097257
2025-09-11 00:00:00-04:00,110.66944531228903,111.1046479791235,110.64966680296435,110.98595428466797,28405600,0.0,0.0,0.0,0.004655816929258982,0.004645012137395309,0.049061986301568786,0.06078611409121973
2025-09-12 00:00:00-04:00,110.74857477832303,110.81781088042345,110.49140887930615,110.78813934326172,26728500,0.0,0.0,0.0,-0.0017823421232102676,-0.001783932384806765,0.04876632150853983,0.05942184741813142
2025-09-15 00:00:00-04:00,111.00573631934671,111.19365856271634,111.00573631934671,111.13431549072266,21863600,0.0,0.0,0.0,0.0031246679429135504,0.003119796313548148,0.047843827054673604,0.05909981873798564
2025-09-16 00:00:00-04:00,111.06507955606038,111.17388021898942,110.93650038449374,111.03540802001953,28232600,0.0,0.0,0.0,-0.0008899813731374495,-0.0008903776416915822,0.044306967969371516,0.05852323671144072
2025-09-17 00:00:00-04:00,111.23322353837041,111.4112603011802,110.60020561419532,110.83758544921875,34969800,0.0,0.0,0.0,-0.0017816170024350653,-0.0017832059695744645,0.047867610877848216,0.059601569193070324
2025-09-18 00:00:00-04:00,110.50129150628756,110.659542204978,110.30346870021395,110.61009216308594,37159300,0.0,0.0,0.0,-0.002052492258928229,-0.002054601507803559,0.03444436893566855,0.0606955498546924
2025-09-19 00:00:00-04:00,110.52107238769531,110.61998001977233,110.34303563148923,110.52107238769531,26845400,0.0,0.0,0.0,-0.0008048069904812438,-0.0008051310214938219,0.0331413861705546,0.058333012299706166
2025-09-22 00:00:00-04:00,110.42216129809722,110.48150436625157,110.21445301338862,110.27379608154297,25908600,0.0,0.0,0.0,-0.0022373679589799966,-0.002239874606231362,0.01055834961010101,0.0540438018994554
2025-09-23 00:00:00-04:00,110.43206622720747,110.53097386684777,110.27380796684764,110.49140930175781,31575400,0.0,0.0,0.0,0.001973390124829999,0.0019714455483893106,0.027640576892888354,0.0526621056592353
2025-09-24 00:00:00-04:00,110.27380486435477,110.30347640079515,109.9572958987091,110.04631805419922,34756700,0.0,0.0,0.0,-0.0040282882657693975,-0.004036423674142105,0.03528676019946475,0.05560381197500582
2025-09-25 00:00:00-04:00,109.78915241038312,109.86828153851621,109.47264344401977,109.84849548339844,36991200,0.0,0.0,0.0,-0.0017976300733965056,-0.0017992477492828043,0.035049058553076815,0.056330212079797166
2025-09-26 00:00:00-04:00,109.93751361860802,110.17489344815716,109.77925536812945,109.99685668945312,31962100,0.0,0.0,0.0,0.001350598434705974,0.0013496871970252377,0.040230675839563856,0.056293342495147725
2025-09-29 00:00:00-04:00,110.24412217700866,110.48150199069032,110.20455761703369,110.3628158569336,31961900,0.0,0.0,0.0,0.0033269965933087065,0.0033214743849984433,0.04769604414011688,0.054692592337987886
2025-09-30 00:00:00-04:00,110.43205744658219,110.63976573716238,110.16499854000155,110.25402069091797,34939700,0.0,0.0,0.0,-0.0009857954889140874,-0.0009862817048529858,0.045188357775185733,0.05282432285308238
2025-10-01 00:00:00-04:00,110.62728052101328,110.69676971435547,110.41881294098673,110.69676971435547,30262700,0.406,0.0,0.0,0.004015717709549005,0.004007676236190059,0.04065619565686336,0.05086743528626712
2025-10-02 00:00:00-04:00,110.67691180059936,110.91516695628637,110.59750098912441,110.87545776367188,18259400,0.0,0.0,0.0,0.0016142119573814284,0.001612910517604617,0.03096297946185542,0.046080261184982485
2025-10-03 00:00:00-04:00,110.8754667408114,110.9548775587159,110.66699914302204,110.73648834228516,19971200,0.0,0.0,0.0,-0.0012533830677202706,-0.0012541692092371292,0.03832774125805449,0.04115992237489152
2025-10-06 00:00:00-04:00,110.42873542488918,110.6570613898066,110.34932461312818,110.37910461425781,19553600,0.0,0.0,0.0,-0.00322733485030402,-0.0032325539275872405,0.04467819541484249,0.04126291546604636
2025-10-07 00:00:00-04:00,110.52801024078154,110.6769178277565,110.35925184329534,110.58757781982422,29459500,0.0,0.0,0.0,0.0018887017275139861,0.0018869203730184352,0.045207339548624555,0.04118759340460513
2025-10-08 00:00:00-04:00,110.79604676037634,110.80597595263002,110.43867157678928,110.44860076904297,22462100,0.0,0.0,0.0,-0.001256714845564999,-0.0012575051738808061,0.03436038136159804,0.04014825813443305
2025-10-09 00:00:00-04:00,110.35925092282429,110.39896011727005,110.14085414024986,110.2302017211914,29660700,0.0,0.0,0.0,-0.0019773817534207705,-0.001979339353761301,0.0299672137209458,0.036684656187037534
2025-10-10 00:00:00-04:00,110.66699011897063,110.73647931256744,110.46844415601257,110.53793334960938,39146400,0.0,0.0,0.0,0.0027917179104537393,0.002787828303450027,0.040960801291220095,0.037871647834646395
2025-10-13 00:00:00-04:00,110.58757359811902,110.98465795697531,110.51808440335074,110.91516876220703,11235900,0.0,0.0,0.0,0.0034127235887841945,0.003406913462787623,0.038701637829664876,0.03821028760000292
2025-10-14 00:00:00-04:00,110.70669873478725,111.31225070601236,110.66699711344046,111.282470703125,43975300,0.0,0.0,0.0,0.0033115573371702567,0.0033060862064861617,0.04200277103864284,0.039924373895730864
2025-10-15 00:00:00-04:00,111.4413074835304,111.67955508038393,111.09386149358677,111.282470703125,45017200,0.0,0.0,0.0,0.0,0.0,0.03802489123467821,0.0392983085578661
2025-10-16 00:00:00-04:00,111.23283140124,111.61998655674066,111.1633422085541,111.60012817382812,39858400,0.0,0.0,0.0,0.0028545148997505265,0.0028504485086387754,0.022378434663424887,0.039422511406431056
2025-10-17 00:00:00-04:00,111.47108433526202,111.50086433730755,111.2923967492345,111.3817367553711,35433500,0.0,0.0,0.0,-0.001956910104232712,-0.00195882735447664,0.03804273593315222,0.040114379827540646
2025-10-20 00:00:00-04:00,111.6398427814389,111.73911197955509,111.60013358744156,111.7192611694336,26361100,0.0,0.0,0.0,0.0030303389397114966,0.003025756717457168,0.03692746585164384,0.039894020889130195
2025-10-21 00:00:00-04:00,111.99721883012936,112.06670802672993,111.72919123574269,111.7391128540039,27353800,0.0,0.0,0.0,0.00017769258731670234,0.00017767680185885358,0.033507088374879604,0.03961479388786455
2025-10-22 00:00:00-04:00,111.72919236755311,111.85824157004589,111.59021397294411,111.84831237792969,41003600,0.0,0.0,0.0,0.0009772721577667731,0.0009767949382218754,0.03270702482212874,0.03570991265657337
2025-10-23 00:00:00-04:00,111.69939850619639,111.86816446765802,111.63983850435937,111.7093276977539,27558500,0.0,0.0,0.0,-0.0012426175882400692,-0.0012433902776466633,0.031096246815081798,0.03522239568776621
2025-10-24 00:00:00-04:00,111.9575092231154,111.96743841509442,111.72919082387847,111.89794921875,29474600,0.0,0.0,0.0,0.001688502875126341,0.0016870789567814987,0.02544276538795967,0.03530735381504305
2025-10-27 00:00:00-04:00,111.8880171446573,112.1064139200439,111.72918794585605,112.08656311035156,23513400,0.0,0.0,0.0,0.001685588457325915,0.001684169447456169,0.019543783546574614,0.03425083853023067
2025-10-28 00:00:00-04:00,112.02699975546359,112.10641814473415,111.87809216901991,112.09648895263672,34236300,0.0,0.0,0.0,8.855514889316574e-05,8.85512281174362e-05,0.019691277573811134,0.03372557064991
2025-10-29 00:00:00-04:00,112.03693072314624,112.06671072615605,111.37181874341198,111.4611587524414,36236000,0.0,0.0,0.0,-0.005667708294269214,-0.0056838306998443205,0.04827378172107429,0.038741335951704016
2025-10-30 00:00:00-04:00,110.80597191754266,111.19312709003765,110.70669514613016,110.86553192138672,46045200,0.0,0.0,0.0,-0.005343806198692014,-0.005358135402158517,0.05885472066350321,0.04332449026290334
2025-10-31 00:00:00-04:00,110.96479998119159,110.96479998119159,110.37910641938602,110.41881561279297,57255300,0.0,0.0,0.0,-0.0040293525034499345,-0.00403749221678904,0.05298539064443333,0.045456932779729176
2025-11-03 00:00:00-05:00,110.18168613634722,110.21158175813939,109.99239280568602,110.12191009521484,53372100,0.402,0.0,0.0,-0.0026889032990472517,-0.0026925248930572566,0.037153142102349226,0.045009849887709286
2025-11-04 00:00:00-05:00,110.05217334327861,110.55032730967108,110.0422081356074,110.2713623046875,62636700,0.0,0.0,0.0,0.001357152353636426,0.0013562322547630882,0.04516179153279616,0.04473505584725688
2025-11-05 00:00:00-05:00,110.24146895323909,110.31121020111331,109.92265073421032,109.94257354736328,43258300,0.0,0.0,0.0,-0.002981633222375102,-0.0029860871462263194,0.03991567213963603,0.045714752669521394
2025-11-06 00:00:00-05:00,110.39092185329262,110.52043914794922,110.32118060213503,110.52043914794922,37814800,0.0,0.0,0.0,0.005256067617309235,0.005242302705713852,0.06143999732836451,0.049122156265574965
2025-11-07 00:00:00-05:00,110.24147060148788,110.43076393356186,110.18168695868333,110.3012466430664,42671600,0.0,0.0,0.0,-0.001983275732277745,-0.0019852450277943264,0.05573357673363709,0.048619923321287874
2025-11-10 00:00:00-05:00,110.36102294921875,110.49054784125077,110.30124690749693,110.36102294921875,45229000,0.0,0.0,0.0,0.0005419368136951874,0.0005417900189734165,0.051209675664422374,0.04690451429185539
2025-11-11 00:00:00-05:00,110.63999501868383,110.87910678565586,110.57025376993256,110.79940032958984,11282600,0.0,0.0,0.0,0.003972212006160936,0.003964343601814078,0.057183347501165376,0.04762229065972808
2025-11-12 00:00:00-05:00,110.72965730454214,110.77947573909073,110.59017480927716,110.68980407714844,39067900,0.0,0.0,0.0,-0.0009891412057771998,-0.000989630728771215,0.049801558272475795,0.047692933677124336
2025-11-13 00:00:00-05:00,110.38095748015506,110.50051716928326,110.141845703125,110.141845703125,34125900,0.0,0.0,0.0,-0.004950396096478071,-0.004962689896803458,0.05214876701101235,0.04895708640489307
2025-11-14 00:00:00-05:00,110.23150839687108,110.32118006290757,109.83298370596434,109.84294891357422,31437600,0.0,0.0,0.0,-0.0027137441509417215,-0.002717433029893993,0.05353670958275029,0.04929698231977368
2025-11-17 00:00:00-05:00,109.90272400146111,110.171731396006,109.84294795877388,109.91268920898438,34343300,0.0,0.0,0.0,0.0006349091689539232,0.0006347076993995802,0.05369041850316389,0.04760300765205002
2025-11-18 00:00:00-05:00,110.10199165760966,110.17173290877777,109.85291467469122,109.96250915527344,30566000,0.0,0.0,0.0,0.00045326837736037184,0.00045316568228053063,0.03723886130185612,0.047688857785782565
2025-11-19 00:00:00-05:00,110.19165447381658,110.26139572419416,109.91268947230628,109.97246551513672,29144800,0.0,0.0,0.0,9.054322186496933e-05,9.053912307486639e-05,0.038945522254751966,0.04735405287410771
2025-11-20 00:00:00-05:00,110.26139259200772,110.4008750888006,110.02228082625221,110.12191009521484,49362200,0.0,0.0,0.0,0.0013589272494536342,0.001358004743470085,0.024874964515971803,0.04795804978641693
2025-11-21 00:00:00-05:00,110.49055234438086,110.55032838853889,110.20162212890637,110.5104751586914,41000500,0.0,0.0,0.0,0.0035284991255655207,0.003522288577513873,0.021815353014164186,0.049595860303622834
2025-11-24 00:00:00-05:00,110.76951680624573,110.9488525390625,110.67984513922417,110.9488525390625,28437900,0.0,0.0,0.0,0.003966840064180355,0.003958992899585288,0.02815397292290516,0.05162150778470475
2025-11-25 00:00:00-05:00,111.01859391153593,111.48685985891332,110.98870588957165,111.25770568847656,47560900,0.0,0.0,0.0,0.0027837435209645545,0.002779876082611091,0.025446845468163073,0.052903108257257865
2025-11-26 00:00:00-05:00,111.25770488394852,111.64626436912717,111.12818758929774,111.63630676269531,24585400,0.0,0.0,0.0,0.0034029200213676614,0.003397143190717215,0.016103018080833583,0.05060418182198491
2025-11-28 00:00:00-05:00,111.5665659142364,111.60641154256025,111.26767049322338,111.44700622558594,25471200,0.0,0.0,0.0,-0.0016956897142053062,-0.0016971290233199715,0.03693701770458279,0.046939139565341494
2025-12-01 00:00:00-05:00,110.7699966430664,110.88999938964844,110.66000366210938,110.8499984741211,24610100,0.413,0.0,0.0,-0.005356875628012903,-0.0053712751335218975,0.06385086876271795,0.04875178805359935
2025-12-02 00:00:00-05:00,110.83999633789062,111.05000305175781,110.75,110.91999816894531,34955000,0.0,0.0,0.0,0.000631481243011045,0.0006312819426294624,0.05684334697755079,0.04755270061826613
2025-12-03 00:00:00-05:00,111.0,111.2699966430664,110.94999694824219,111.16999816894531,20997800,0.0,0.0,0.0,0.002253876705075486,0.0022513405350694108,0.05528412547297234,0.04790597135099396
2025-12-04 00:00:00-05:00,111.04000091552734,111.05999755859375,110.86000061035156,110.97000122070312,29846500,0.0,0.0,0.0,-0.0017990190837122721,-0.0018006392619900739,0.045711627968292055,0.04697020612352423
2025-12-05 00:00:00-05:00,111.0199966430664,111.02999877929688,110.69999694824219,110.86000061035156,25470000,0.0,0.0,0.0,-0.000991264388046531,-0.0009917560155054156,0.045496883555651145,0.04364309461241476
2025-12-08 00:00:00-05:00,110.87999725341797,110.88999938964844,110.41000366210938,110.62999725341797,28815200,0.0,0.0,0.0,-0.00207471906609491,-0.002076874277184172,0.028857637516766826,0.043703736761709806
2025-12-09 00:00:00-05:00,110.86000061035156,110.87999725341797,110.4000015258789,110.48999786376953,29239900,0.0,0.0,0.0,-0.0012654740407137544,-0.0012662754291498021,0.027722855974870238,0.04396023498721917
2025-12-10 00:00:00-05:00,110.45999908447266,111.05999755859375,110.43000030517578,111.0,34019300,0.0,0.0,0.0,0.004615821758447991,0.0046052015214027445,0.044172749396364626,0.044771400519142836
2025-12-11 00:00:00-05:00,111.19000244140625,111.30999755859375,110.79000091552734,110.83999633789062,41927200,0.0,0.0,0.0,-0.0014414744334177998,-0.001442514357158025,0.04347729438573079,0.04494502596571756
2025-12-15 00:00:00-05:00,110.52999877929688,110.61000061035156,110.22000122070312,110.30000305175781,22151200,0.0,0.0,0.0,-0.004871826993630202,-0.004883733027924458,0.05496146408484193,0.04482930441960365
2025-12-16 00:00:00-05:00,110.18000030517578,110.58999633789062,110.12000274658203,110.55000305175781,31692600,0.0,0.0,0.0,0.0022665457215145235,0.0022639809814300116,0.058196915005489805,0.044200673190602
2025-12-17 00:00:00-05:00,110.43000030517578,110.58000183105469,110.3499984741211,110.43000030517578,22248000,0.0,0.0,0.0,-0.0010855064972350448,-0.0010860960861198096,0.057991170433919166,0.0444615542173301
2025-12-18 00:00:00-05:00,110.8499984741211,110.94000244140625,110.63999938964844,110.8499984741211,31844300,0.0,0.0,0.0,0.003803297725116783,0.003796083474500066,0.05397329460602756,0.04623113888075679
2025-12-19 00:00:00-05:00,110.27999877929688,110.33999633789062,110.0999984741211,110.12999725341797,26145318,0.0,0.0,0.0,-0.006495274971710652,-0.006516461059663194,0.0703493215549549,0.05233481798816682
